SEGMENT	MODE	INCOME1	INCOME2	INCOME3	INCOME4
1	AUTO	0.000000	0.000000	0.000000	0.000000
1	TRANSIT	-1.263916	-1.474905	-2.254350	-4.493408
1	WALKBIKE	0.680197	1.285217	0.473160	0.071218
1	SOV	0.000000	0.000000	0.000000	0.000000
1	HOV	-0.223821	0.195162	0.150232	0.022635
1	POOL2	0.000000	0.000000	0.000000	0.000000
1	POOL3	-0.529879	-0.266923	-0.281815	-0.385591
1	WALKTRAN	0.000000	0.000000	0.000000	0.000000
1	DRIVETRAN	-2.672821	-1.967605	-0.839239	0.753655
1	DROPTRAN	-4.538784	-2.134193	-3.346562	-2.535403
1	WALKPREM	0.000000	0.000000	0.000000	0.000000
1	WALKBUS	1.157153	0.794707	-1.454690	-0.086956
1	DRIVEPREM	0.000000	0.000000	0.000000	0.000000
1	DRIVEBUS	-1.115152	-6.000000	-6.000000	-5.997599
1	DROPPREM	0.000000	0.000000	0.000000	0.000000
1	DROPBUS	-0.198658	-4.573921	-5.902529	-5.061681
1	WALK	0.000000	0.000000	0.000000	0.000000
1	BIKE	-6.000000	-6.000000	-6.000000	-4.463706
2	AUTO	0.000000	0.000000	0.000000	0.000000
2	TRANSIT	-0.932865	-2.145964	-1.638370	-3.498037
2	WALKBIKE	-1.094167	-0.143910	-0.744271	-1.154237
2	SOV	0.000000	0.000000	0.000000	0.000000
2	HOV	-0.739627	-0.063589	0.011438	-0.094081
2	POOL2	0.000000	0.000000	0.000000	0.000000
2	POOL3	-0.996003	-0.500269	-0.410295	-0.489546
2	WALKTRAN	0.000000	0.000000	0.000000	0.000000
2	DRIVETRAN	-2.828511	1.397893	0.373771	0.197137
2	DROPTRAN	-4.592238	-2.538033	-4.343936	-4.256948
2	WALKPREM	0.000000	0.000000	0.000000	0.000000
2	WALKBUS	-1.128884	2.277285	-2.414752	-5.954398
2	DRIVEPREM	0.000000	0.000000	0.000000	0.000000
2	DRIVEBUS	-1.957922	-6.000000	-6.000000	-6.000000
2	DROPPREM	0.000000	0.000000	0.000000	0.000000
2	DROPBUS	-3.836416	1.673563	-3.972246	-3.204649
2	WALK	0.000000	0.000000	0.000000	0.000000
2	BIKE	-5.993750	-5.622463	-5.243888	-3.504796
1	AUTO	0.000000	0.000000	0.000000	0.000000
1	TRANSIT	-1.297537	-1.498095	-2.237738	-4.494718
1	WALKBIKE	0.682945	1.286064	0.473447	0.071231
1	SOV	0.000000	0.000000	0.000000	0.000000
1	HOV	-0.223812	0.195154	0.150225	0.022634
1	POOL2	0.000000	0.000000	0.000000	0.000000
1	POOL3	-0.529878	-0.266923	-0.281816	-0.385591
1	WALKTRAN	0.000000	0.000000	0.000000	0.000000
1	DRIVETRAN	-2.657390	-1.945564	-0.885541	0.742635
1	DROPTRAN	-4.500910	-2.157625	-3.412042	-2.575806
1	WALKPREM	0.000000	0.000000	0.000000	0.000000
1	WALKBUS	1.333451	0.916978	-1.465053	-0.028226
1	DRIVEPREM	0.000000	0.000000	0.000000	0.000000
1	DRIVEBUS	-1.005310	-6.000000	-6.000000	-5.986318
1	DROPPREM	0.000000	0.000000	0.000000	0.000000
1	DROPBUS	-0.136378	-4.381244	-5.786871	-4.923782
1	WALK	0.000000	0.000000	0.000000	0.000000
1	BIKE	-6.000000	-6.000000	-6.000000	-4.463710
2	AUTO	0.000000	0.000000	0.000000	0.000000
2	TRANSIT	-0.943293	-2.157494	-1.692853	-3.550921
2	WALKBIKE	-1.072487	-0.136206	-0.744151	-1.155228
2	SOV	0.000000	0.000000	0.000000	0.000000
2	HOV	-0.739648	-0.063598	0.011385	-0.094098
2	POOL2	0.000000	0.000000	0.000000	0.000000
2	POOL3	-0.995956	-0.500256	-0.410313	-0.489551
2	WALKTRAN	0.000000	0.000000	0.000000	0.000000
2	DRIVETRAN	-2.799586	1.407037	0.446412	0.289474
2	DROPTRAN	-4.650930	-2.522145	-4.308538	-4.200208
2	WALKPREM	0.000000	0.000000	0.000000	0.000000
2	WALKBUS	-0.944721	2.377263	-2.166863	-5.884617
2	DRIVEPREM	0.000000	0.000000	0.000000	0.000000
2	DRIVEBUS	-1.868382	-6.000000	-6.000000	-6.000000
2	DROPPREM	0.000000	0.000000	0.000000	0.000000
2	DROPBUS	-3.325114	1.713083	-3.762122	-3.111115
2	WALK	0.000000	0.000000	0.000000	0.000000
2	BIKE	-5.992868	-5.622437	-5.244540	-3.505168
1	AUTO	0.000000	0.000000	0.000000	0.000000
1	TRANSIT	-1.334592	-1.523106	-2.235200	-4.505853
1	WALKBIKE	0.683145	1.286154	0.473473	0.071236
1	SOV	0.000000	0.000000	0.000000	0.000000
1	HOV	-0.223820	0.195148	0.150223	0.022633
1	POOL2	0.000000	0.000000	0.000000	0.000000
1	POOL3	-0.529885	-0.266924	-0.281816	-0.385591
1	WALKTRAN	0.000000	0.000000	0.000000	0.000000
1	DRIVETRAN	-2.633283	-1.913894	-0.890510	0.755144
1	DROPTRAN	-4.466410	-2.157625	-3.431311	-2.583901
1	WALKPREM	0.000000	0.000000	0.000000	0.000000
1	WALKBUS	1.483033	1.019352	-1.472746	0.023312
1	DRIVEPREM	0.000000	0.000000	0.000000	0.000000
1	DRIVEBUS	-0.913547	-6.000000	-6.000000	-5.975440
1	DROPPREM	0.000000	0.000000	0.000000	0.000000
1	DROPBUS	-0.077336	-4.253387	-5.725260	-4.837451
1	WALK	0.000000	0.000000	0.000000	0.000000
1	BIKE	-6.000000	-6.000000	-6.000000	-4.463714
2	AUTO	0.000000	0.000000	0.000000	0.000000
2	TRANSIT	-0.983452	-2.181027	-1.735452	-3.565672
2	WALKBIKE	-1.070471	-0.135663	-0.744880	-1.155497
2	SOV	0.000000	0.000000	0.000000	0.000000
2	HOV	-0.739603	-0.063605	0.011373	-0.094102
2	POOL2	0.000000	0.000000	0.000000	0.000000
2	POOL3	-0.995906	-0.500255	-0.410314	-0.489551
2	WALKTRAN	0.000000	0.000000	0.000000	0.000000
2	DRIVETRAN	-2.760511	1.436419	0.503625	0.316071
2	DROPTRAN	-4.657766	-2.500626	-4.271978	-4.191801
2	WALKPREM	0.000000	0.000000	0.000000	0.000000
2	WALKBUS	-0.781509	2.467231	-1.976646	-5.846011
2	DRIVEPREM	0.000000	0.000000	0.000000	0.000000
2	DRIVEBUS	-1.795431	-6.000000	-6.000000	-6.000000
2	DROPPREM	0.000000	0.000000	0.000000	0.000000
2	DROPBUS	-3.049212	1.749429	-3.635243	-3.053163
2	WALK	0.000000	0.000000	0.000000	0.000000
2	BIKE	-5.993342	-5.622677	-5.244191	-3.505107
1	AUTO	0.000000	0.000000	0.000000	0.000000
1	TRANSIT	-1.366538	-1.544375	-2.233769	-4.517472
1	WALKBIKE	0.683174	1.286166	0.473474	0.071237
1	SOV	0.000000	0.000000	0.000000	0.000000
1	HOV	-0.223827	0.195145	0.150222	0.022633
1	POOL2	0.000000	0.000000	0.000000	0.000000
1	POOL3	-0.529890	-0.266925	-0.281816	-0.385591
1	WALKTRAN	0.000000	0.000000	0.000000	0.000000
1	DRIVETRAN	-2.611983	-1.886735	-0.892645	0.770578
1	DROPTRAN	-4.438917	-2.151891	-3.441632	-2.582217
1	WALKPREM	0.000000	0.000000	0.000000	0.000000
1	WALKBUS	1.610448	1.105153	-1.478719	0.068206
1	DRIVEPREM	0.000000	0.000000	0.000000	0.000000
1	DRIVEBUS	-0.836292	-6.000000	-6.000000	-5.966922
1	DROPPREM	0.000000	0.000000	0.000000	0.000000
1	DROPBUS	-0.021764	-4.165697	-5.691917	-4.782126
1	WALK	0.000000	0.000000	0.000000	0.000000
1	BIKE	-6.000000	-6.000000	-6.000000	-4.463715
2	AUTO	0.000000	0.000000	0.000000	0.000000
2	TRANSIT	-1.022057	-2.203198	-1.768885	-3.570512
2	WALKBIKE	-1.070621	-0.135806	-0.745451	-1.155577
2	SOV	0.000000	0.000000	0.000000	0.000000
2	HOV	-0.739573	-0.063607	0.011374	-0.094102
2	POOL2	0.000000	0.000000	0.000000	0.000000
2	POOL3	-0.995884	-0.500254	-0.410312	-0.489550
2	WALKTRAN	0.000000	0.000000	0.000000	0.000000
2	DRIVETRAN	-2.723402	1.465112	0.548866	0.324578
2	DROPTRAN	-4.641062	-2.480624	-4.238273	-4.193083
2	WALKPREM	0.000000	0.000000	0.000000	0.000000
2	WALKBUS	-0.633185	2.548186	-1.829535	-5.825531
2	DRIVEPREM	0.000000	0.000000	0.000000	0.000000
2	DRIVEBUS	-1.731803	-6.000000	-6.000000	-6.000000
2	DROPPREM	0.000000	0.000000	0.000000	0.000000
2	DROPBUS	-2.890694	1.782843	-3.556217	-3.017618
2	WALK	0.000000	0.000000	0.000000	0.000000
2	BIKE	-5.993318	-5.622603	-5.243903	-3.505082
1	AUTO	0.000000	0.000000	0.000000	0.000000
1	TRANSIT	-1.394020	-1.562362	-2.232691	-4.528001
1	WALKBIKE	0.683189	1.286171	0.473474	0.071237
1	SOV	0.000000	0.000000	0.000000	0.000000
1	HOV	-0.223831	0.195144	0.150221	0.022633
1	POOL2	0.000000	0.000000	0.000000	0.000000
1	POOL3	-0.529893	-0.266926	-0.281816	-0.385591
1	WALKTRAN	0.000000	0.000000	0.000000	0.000000
1	DRIVETRAN	-2.593384	-1.863699	-0.894189	0.785120
1	DROPTRAN	-4.417195	-2.143610	-3.447681	-2.576746
1	WALKPREM	0.000000	0.000000	0.000000	0.000000
1	WALKBUS	1.719255	1.177149	-1.483388	0.107258
1	DRIVEPREM	0.000000	0.000000	0.000000	0.000000
1	DRIVEBUS	-0.771017	-6.000000	-6.000000	-5.960437
1	DROPPREM	0.000000	0.000000	0.000000	0.000000
1	DROPBUS	0.030176	-4.103899	-5.673913	-4.745895
1	WALK	0.000000	0.000000	0.000000	0.000000
1	BIKE	-6.000000	-6.000000	-6.000000	-4.463715
2	AUTO	0.000000	0.000000	0.000000	0.000000
2	TRANSIT	-1.057406	-2.223312	-1.795198	-3.572285
2	WALKBIKE	-1.070917	-0.135987	-0.745893	-1.155602
2	SOV	0.000000	0.000000	0.000000	0.000000
2	HOV	-0.739551	-0.063606	0.011379	-0.094102
2	POOL2	0.000000	0.000000	0.000000	0.000000
2	POOL3	-0.995870	-0.500254	-0.410309	-0.489550
2	WALKTRAN	0.000000	0.000000	0.000000	0.000000
2	DRIVETRAN	-2.689118	1.491330	0.584690	0.327610
2	DROPTRAN	-4.612735	-2.462756	-4.208766	-4.195793
2	WALKPREM	0.000000	0.000000	0.000000	0.000000
2	WALKBUS	-0.498123	2.621096	-1.715083	-5.814834
2	DRIVEPREM	0.000000	0.000000	0.000000	0.000000
2	DRIVEBUS	-1.675455	-6.000000	-6.000000	-6.000000
2	DROPPREM	0.000000	0.000000	0.000000	0.000000
2	DROPBUS	-2.795413	1.813575	-3.505694	-2.995894
2	WALK	0.000000	0.000000	0.000000	0.000000
2	BIKE	-5.993255	-5.622511	-5.243679	-3.505074
