 Date:  9/26/2013                                                                                                                                                                                                                                 
 Time: 15:29                                                                                                                                                                                                                                    
                                                                                                                                                                                 
                                                                                                                                                                                 
                                                                                                                                                                                 
                                                                                                                                                                                 
                                                                                                                                                                                 
                                                                                                                                                                                 
                                                                                                                                                                                 
                                                                                                                                                                                 
                                                                                                                                                                                 
                                                                                                                                                                                 
                                                                                                                                                                                 
                                                                                                                                                                                 
                                                                                                                                                                                 
                                                                                                                                                                                 
                                                                                                                                                                                 
                                                                            Metrolina Travel Model 2013                                                                          
                                                                         2010 Estimated Vehicle Trips: COM                                                                       
                                                                                                                                                                                 
                                                                                                                                                                                 
                                                                                                                                                                                 
                                                                                                                                                                                 
                                                                               Destination District                                                                              
                                                                                                                                                                                 
                                               |      1      2      3      4      5      6      7      8      9     10     11     12 |    Total                                  
                                ---------------+-------------------------------------------------------------------------------------+-----------                                
                                O   1 Cabarrus |  32956   3299     48     13      0    447     32      3    801    365  11804   1367 |    51135                                  
                                r   2 Rowan    |   4204  25381      0      0      0   1088      6      0    210      2    366   1102 |    32359                                  
                                i   3 Gaston   |     56      1  38669   1591   2947     12   2100      8      0     13   8136    814 |    54347                                  
                                g   4 York     |      9      1   1591  44593    196      1      4   1163      0    320   9794   1519 |    59191                                  
                                i   5 Clevelnd |      0      0   3312    221  15526      0    303      0      0      0     53   1332 |    20747                                  
                                n   6 Iredell  |    492    891     21      1      0   9858    255      0      2      0   2381   2129 |    16030                                  
                                    7 Lincoln  |     26      1   2311      9    283    276  10533      2      0      1    974   1560 |    15976                                  
                                D   8 Lancastr |      1      0      7   1020      0      0      0   1768      0   1013   2390    169 |     6368                                  
                                i   9 Stanly   |   1286    329      0      0      0      0      0      0  12294    434    224    537 |    15104                                  
                                s  10 Union    |    352      1      4    298      0      0      0   1053    301  30604   9846   1528 |    43987                                  
                                t  11 Mecklnbg |   9843    217   6071   8423     28   2101    734   2265    111   8452 290527  18432 |   347204                                  
                                r  12 External |   1284   1921    934   1487   2152   2000   1787    166    914   1382  20888   3700 |    38615                                  
                                ---------------+-------------------------------------------------------------------------------------+-----------                                
                                      Total       50509         52968         21132         15754         14633        357383        |   701063                                  
                                               |         32042         57656         15783          6428         42586         34189 |                                           

 Date:  9/26/2013                                                                                                                                                                                                                                 
 Time: 15:29                                                                                                                                                                                                                                    
                                                                                                                                                                                 
                                                                                                                                                                                 
                                                                                                                                                                                 
                                                                                                                                                                                 
                                                                                                                                                                                 
                                                                                                                                                                                 
                                                                                                                                                                                 
                                                                                                                                                                                 
                                                                                                                                                                                 
                                                                                                                                                                                 
                                                                                                                                                                                 
                                                                                                                                                                                 
                                                                                                                                                                                 
                                                                                                                                                                                 
                                                                                                                                                                                 
                                                                            Metrolina Travel Model 2013                                                                          
                                                                         2010 Estimated Vehicle Trips: MTK                                                                       
                                                                                                                                                                                 
                                                                                                                                                                                 
                                                                                                                                                                                 
                                                                                                                                                                                 
                                                                               Destination District                                                                              
                                                                                                                                                                                 
                                               |      1      2      3      4      5      6      7      8      9     10     11     12 |    Total                                  
                                ---------------+-------------------------------------------------------------------------------------+-----------                                
                                O   1 Cabarrus |  12851   1488     24      5      0    236     11      0    409    201   4808    724 |    20757                                  
                                r   2 Rowan    |   1691  10504      0      0      0    536      3      0     90      1    149   1178 |    14152                                  
                                i   3 Gaston   |     23      0  15977    713   1414      6   1146      5      0      3   3490    697 |    23474                                  
                                g   4 York     |      2      0    702  17269     97      0      2    528      0    150   4161   1445 |    24356                                  
                                i   5 Clevelnd |      0      0   1236     82   5554      0    137      0      0      0     16   1424 |     8449                                  
                                n   6 Iredell  |    199    418      9      0      0   4228    118      0      0      0    861   1385 |     7218                                  
                                    7 Lincoln  |     12      1    941      4    113    112   4524      0      0      0    404   1457 |     7568                                  
                                D   8 Lancastr |      0      0      5    481      0      0      0    773      0    441   1014    156 |     2870                                  
                                i   9 Stanly   |    553    133      0      1      0      0      0      0   4930    225     92    598 |     6532                                  
                                s  10 Union    |    174      0      2    145      0      0      0    452    148  13585   4249   1309 |    20064                                  
                                t  11 Mecklnbg |   4130    103   2898   3940     15    920    370   1046     54   3921 107403   7962 |   132762                                  
                                r  12 External |    711   1976    726   1983   1788   1491   1384    230   1285   1626  10215   1807 |    25222                                  
                                ---------------+-------------------------------------------------------------------------------------+-----------                                
                                      Total       20346         22520          8981          7695          6916        136862        |   293424                                  
                                               |         14623         24623          7529          3034         20153         20142 |                                           

 Date:  9/26/2013                                                                                                                                                                                                                                 
 Time: 15:29                                                                                                                                                                                                                                    
                                                                                                                                                                                 
                                                                                                                                                                                 
                                                                                                                                                                                 
                                                                                                                                                                                 
                                                                                                                                                                                 
                                                                                                                                                                                 
                                                                                                                                                                                 
                                                                                                                                                                                 
                                                                                                                                                                                 
                                                                                                                                                                                 
                                                                                                                                                                                 
                                                                                                                                                                                 
                                                                                                                                                                                 
                                                                                                                                                                                 
                                                                                                                                                                                 
                                                                            Metrolina Travel Model 2013                                                                          
                                                                         2010 Estimated Vehicle Trips: HTK                                                                       
                                                                                                                                                                                 
                                                                                                                                                                                 
                                                                                                                                                                                 
                                                                                                                                                                                 
                                                                               Destination District                                                                              
                                                                                                                                                                                 
                                               |      1      2      3      4      5      6      7      8      9     10     11     12 |    Total                                  
                                ---------------+-------------------------------------------------------------------------------------+-----------                                
                                O   1 Cabarrus |   1567    830    238    151     55    231    114     23    343    375   2546    666 |     7139                                  
                                r   2 Rowan    |    568   1623     67     48     16    244     50      6    186     89    703   1586 |     5186                                  
                                i   3 Gaston   |    212    100   2339    616    760    107    590     47     25    182   2756   1060 |     8794                                  
                                g   4 York     |    131     59    586   2372    225     54     96    142     30    344   2694   1871 |     8604                                  
                                i   5 Clevelnd |     23      7    378    113    651      9    125      3      4     23    262   1445 |     3043                                  
                                n   6 Iredell  |    151    227     85     38     15    339     95      2     17     31    557   1055 |     2612                                  
                                    7 Lincoln  |     59     43    311     66    129     73    408      4      1     25    433   1390 |     2942                                  
                                D   8 Lancastr |     23      7     43    168      9      7     11     61      9    131    442    207 |     1118                                  
                                i   9 Stanly   |    217    164     24     20      3     20      9      6    632    166    302    829 |     2392                                  
                                s  10 Union    |    337    110    164    357     28     52     43    129    218   2257   2533   1562 |     7790                                  
                                t  11 Mecklnbg |   2621   1136   3161   3337    670    939    889    504    508   2948  27582   3902 |    48197                                  
                                r  12 External |    489   2521   1035   2724   3038   1899   2730    294   1188   1746   5873    762 |    24299                                  
                                ---------------+-------------------------------------------------------------------------------------+-----------                                
                                      Total        6398          8431          5599          5160          3161         46683        |   122116                                  
                                               |          6827         10010          3974          1221          8317         16335 |                                           
