 Date:  9/26/2013                                                                                                                                                                                                                                 
 Time: 15:29                                                                                                                                                                                                                                    
                                                                                                                                                                                 
                                                                                                                                                                                 
                                                                                                                                                                                 
                                                                                                                                                                                 
                                                                                                                                                                                 
                                                                                                                                                                                 
                                                                                                                                                                                 
                                                                                                                                                                                 
                                                                                                                                                                                 
                                                                                                                                                                                 
                                                                                                                                                                                 
                                                                                                                                                                                 
                                                                                                                                                                                 
                                                                                                                                                                                 
                                                                                                                                                                                 
                                                                            Metrolina Travel Model 2013                                                                          
                                                                          2010 Observed Person Trips: SCH                                                                        
                                                                                                                                                                                 
                                                                                                                                                                                 
                                                                                                                                                                                 
                                                                                                                                                                                 
                                                                               Destination District                                                                              
                                                                                                                                                                                 
                                               |      1      2      3      4      5      6      7      8      9     10     11     12 |    Total                                  
                                ---------------+-------------------------------------------------------------------------------------+-----------                                
                                O   1 Cabarrus |  51658    543      0      0      0      0      0      0    252      0   7010    252 |    59715                                  
                                r   2 Rowan    |   1251  31876      0      0      0      0      0      0      0      0      0      0 |    33127                                  
                                i   3 Gaston   |      0      0  51736      0      0      0    405      0      0      0      0    811 |    52952                                  
                                g   4 York     |      0      0      0  67268      0      0      0      0      0      0     31      0 |    67299                                  
                                i   5 Clevelnd |      0      0    272      0  17941      0      0      0      0      0      0      0 |    18213                                  
                                n   6 Iredell  |      0    470      0      0      0  22448      0      0      0      0    119    118 |    23155                                  
                                    7 Lincoln  |      0      0   2041      0      0      0  20458      0      0      0    406    488 |    23393                                  
                                D   8 Lancastr |      0      0      0    199      0      0      0   2566      0      0      0      0 |     2765                                  
                                i   9 Stanly   |   1834      0      0      0      0      0      0      0  17304    461      0      0 |    19599                                  
                                s  10 Union    |      0      0      0      0      0      0      0      0      0  78005   4555      0 |    82560                                  
                                t  11 Mecklnbg |   1346      0   2671      0      0   2630    290      0      0   1703 239706   9183 |   257529                                  
                                r  12 External |      0      0      0      0      0    579      0      0      0      0   8493      0 |     9072                                  
                                ---------------+-------------------------------------------------------------------------------------+-----------                                
                                      Total       56089         56720         17941         21153         17556        260320        |   649379                                  
                                               |         32889         67467         25657          2566         80169         10852 |                                           

 Date:  9/26/2013                                                                                                                                                                                                                                 
 Time: 15:29                                                                                                                                                                                                                                    
                                                                                                                                                                                 
                                                                                                                                                                                 
                                                                                                                                                                                 
                                                                                                                                                                                 
                                                                                                                                                                                 
                                                                                                                                                                                 
                                                                                                                                                                                 
                                                                                                                                                                                 
                                                                                                                                                                                 
                                                                                                                                                                                 
                                                                                                                                                                                 
                                                                                                                                                                                 
                                                                                                                                                                                 
                                                                                                                                                                                 
                                                                                                                                                                                 
                                                                            Metrolina Travel Model 2013                                                                          
                                                                         2010 Estimated Person Trips: SCH                                                                        
                                                                                                                                                                                 
                                                                                                                                                                                 
                                                                                                                                                                                 
                                                                                                                                                                                 
                                                                               Destination District                                                                              
                                                                                                                                                                                 
                                               |      1      2      3      4      5      6      7      8      9     10     11     12 |    Total                                  
                                ---------------+-------------------------------------------------------------------------------------+-----------                                
                                O   1 Cabarrus |  49899   1826      0      0      0    373      0      0    536    236   5099    176 |    58145                                  
                                r   2 Rowan    |   3794  34793      0      0      0    650      0      0    411      0     20      0 |    39668                                  
                                i   3 Gaston   |      0      0  57209   1036   1352      0   1667      0      0      0   2067     55 |    63386                                  
                                g   4 York     |      0      0    805  63879     50      0      0    368      0    125   3244     20 |    68491                                  
                                i   5 Clevelnd |      0      0   1237     28  18942      0     61      0      0      0      0      0 |    20268                                  
                                n   6 Iredell  |    122   1043      0      0      0  19186      2      0      0      0   1867     95 |    22315                                  
                                    7 Lincoln  |      2      0    889      0    286    288  19284      0      0      0    582    586 |    21917                                  
                                D   8 Lancastr |      0      0      0    870      0      0      0   2484      0    929   1446      2 |     5731                                  
                                i   9 Stanly   |    464     14      0      0      0      0      0      0  14793   1021     36      0 |    16328                                  
                                s  10 Union    |     28      0      0    143      0      0      0    738    136  57664  11146      8 |    69863                                  
                                t  11 Mecklnbg |   7975      3   2804   3296      0    855     90    162      1   4656 239577   6402 |   265821                                  
                                r  12 External |    207      0     14      7      0    341     23      1      0     26   6886   1297 |     8802                                  
                                ---------------+-------------------------------------------------------------------------------------+-----------                                
                                      Total       62491         62958         20630         21127         15877        271970        |   660735                                  
                                               |         37679         69259         21693          3753         64657          8641 |                                           

 Date:  9/26/2013                                                                                                                                                                                                                                 
 Time: 15:29                                                                                                                                                                                                                                    
                                                                                                                                                                                 
                                                                                                                                                                                 
                                                                                                                                                                                 
                                                                                                                                                                                 
                                                                                                                                                                                 
                                                                                                                                                                                 
                                                                                                                                                                                 
                                                                                                                                                                                 
                                                                                                                                                                                 
                                                                                                                                                                                 
                                                                                                                                                                                 
                                                                                                                                                                                 
                                                                                                                                                                                 
                                                                                                                                                                                 
                                                                                                                                                                                 
                                                                            Metrolina Travel Model 2013                                                                          
                                                                         2010 Obs - Est Person Trips: SCH                                                                        
                                                                                                                                                                                 
                                                                                                                                                                                 
                                                                                                                                                                                 
                                                                                                                                                                                 
                                                                               Destination District                                                                              
                                                                                                                                                                                 
                                               |      1      2      3      4      5      6      7      8      9     10     11     12 |    Total                                  
                                ---------------+-------------------------------------------------------------------------------------+-----------                                
                                O   1 Cabarrus |  -1759   1283      0      0      0    373      0      0    284    236  -1911    -76 |    -1570                                  
                                r   2 Rowan    |   2543   2917      0      0      0    650      0      0    411      0     20      0 |     6541                                  
                                i   3 Gaston   |      0      0   5473   1036   1352      0   1262      0      0      0   2067   -756 |    10434                                  
                                g   4 York     |      0      0    805  -3389     50      0      0    368      0    125   3213     20 |     1192                                  
                                i   5 Clevelnd |      0      0    965     28   1001      0     61      0      0      0      0      0 |     2055                                  
                                n   6 Iredell  |    122    573      0      0      0  -3262      2      0      0      0   1748    -23 |     -840                                  
                                    7 Lincoln  |      2      0  -1152      0    286    288  -1174      0      0      0    176     98 |    -1476                                  
                                D   8 Lancastr |      0      0      0    671      0      0      0    -82      0    929   1446      2 |     2966                                  
                                i   9 Stanly   |  -1370     14      0      0      0      0      0      0  -2511    560     36      0 |    -3271                                  
                                s  10 Union    |     28      0      0    143      0      0      0    738    136 -20341   6591      8 |   -12697                                  
                                t  11 Mecklnbg |   6629      3    133   3296      0  -1775   -200    162      1   2953   -129  -2781 |     8292                                  
                                r  12 External |    207      0     14      7      0   -238     23      1      0     26  -1607   1297 |     -270                                  
                                ---------------+-------------------------------------------------------------------------------------+-----------                                
                                      Total        6402          6238          2689           -26         -1679         11650        |    11356                                  
                                               |          4790          1792         -3964          1187        -15512         -2211 |                                           

 Date:  9/26/2013                                                                                                                                                                                                                                 
 Time: 15:29                                                                                                                                                                                                                                    
                                                                                                                                                                                 
                                                                                                                                                                                 
                                                                                                                                                                                 
                                                                                                                                                                                 
                                                                                                                                                                                 
                                                                                                                                                                                 
                                                                                                                                                                                 
                                                                                                                                                                                 
                                                                                                                                                                                 
                                                                                                                                                                                 
                                                                                                                                                                                 
                                                                                                                                                                                 
                                                                                                                                                                                 
                                                                                                                                                                                 
                                                                                                                                                                                 
                                                                            Metrolina Travel Model 2013                                                                          
                                                                         2010 Obs / Est Person Trips: SCH                                                                        
                                                                                                                                                                                 
                                                                                                                                                                                 
                                                                                                                                                                                 
                                                                                                                                                                                 
                                                                               Destination District                                                                              
                                                                                                                                                                                 
                                               |      1      2      3      4      5      6      7      8      9     10     11     12 |    Total                                  
                                ---------------+-------------------------------------------------------------------------------------+-----------                                
                                O   1 Cabarrus |    .97   3.36    .00    .00    .00    .00    .00    .00   2.13    .00    .73    .70 |      .97                                  
                                r   2 Rowan    |   3.03   1.09    .00    .00    .00    .00    .00    .00    .00    .00    .00    .00 |     1.20                                  
                                i   3 Gaston   |    .00    .00   1.11    .00    .00    .00   4.12    .00    .00    .00    .00    .07 |     1.20                                  
                                g   4 York     |    .00    .00    .00    .95    .00    .00    .00    .00    .00    .00 104.65    .00 |     1.02                                  
                                i   5 Clevelnd |    .00    .00   4.55    .00   1.06    .00    .00    .00    .00    .00    .00    .00 |     1.11                                  
                                n   6 Iredell  |    .00   2.22    .00    .00    .00    .85    .00    .00    .00    .00  15.69    .81 |      .96                                  
                                    7 Lincoln  |    .00    .00    .44    .00    .00    .00    .94    .00    .00    .00   1.43   1.20 |      .94                                  
                                D   8 Lancastr |    .00    .00    .00   4.37    .00    .00    .00    .97    .00    .00    .00    .00 |     2.07                                  
                                i   9 Stanly   |    .25    .00    .00    .00    .00    .00    .00    .00    .85   2.21    .00    .00 |      .83                                  
                                s  10 Union    |    .00    .00    .00    .00    .00    .00    .00    .00    .00    .74   2.45    .00 |      .85                                  
                                t  11 Mecklnbg |   5.92    .00   1.05    .00    .00    .33    .31    .00    .00   2.73   1.00    .70 |     1.03                                  
                                r  12 External |    .00    .00    .00    .00    .00    .59    .00    .00    .00    .00    .81    .00 |      .97                                  
                                ---------------+-------------------------------------------------------------------------------------+-----------                                
                                      Total    |   1.11          1.11          1.15          1.00           .90          1.04        |     1.02                                  
                                               |          1.15          1.03           .85          1.46           .81           .80 |                                           

 Date:  9/26/2013                                                                                                                                                                                                                                 
 Time: 15:29                                                                                                                                                                                                                                    
                                                                                                                                                                                 
                                                                                                                                                                                 
                                                                                                                                                                                 
                                                                                                                                                                                 
                                                                                                                                                                                 
                                                                                                                                                                                 
                                                                                                                                                                                 
                                                                                                                                                                                 
                                                                                                                                                                                 
                                                                                                                                                                                 
                                                                                                                                                                                 
                                                                                                                                                                                 
                                                                                                                                                                                 
                                                                                                                                                                                 
                                                                                                                                                                                 
                                                                            Metrolina Travel Model 2013                                                                          
                                                                          2010 Observed Person Trips: HBU                                                                        
                                                                                                                                                                                 
                                                                                                                                                                                 
                                                                                                                                                                                 
                                                                                                                                                                                 
                                                                               Destination District                                                                              
                                                                                                                                                                                 
                                               |      1      2      3      4      5      6      7      8      9     10     11     12 |    Total                                  
                                ---------------+-------------------------------------------------------------------------------------+-----------                                
                                O   1 Cabarrus |   1212      0      0      0      0      0      0      0    598      0   4476    393 |     6679                                  
                                r   2 Rowan    |   1099   3205      0      0      0      0      0      0      0      0   1170      0 |     5474                                  
                                i   3 Gaston   |      0      0   3863      0      0      0      0      0      0      0    464      0 |     4327                                  
                                g   4 York     |      0      0     15   5779      0      0      0      0      0      0    576      0 |     6370                                  
                                i   5 Clevelnd |      0      0    552      0   1360      0      0      0      0      0      0      0 |     1912                                  
                                n   6 Iredell  |    159      0      0      0      0    630      0      0      0      0   1510      0 |     2299                                  
                                    7 Lincoln  |    400      0      0      0      0      0    519      0      0      0      0      0 |      919                                  
                                D   8 Lancastr |      0      0      0      0      0      0      0      0      0      0      0      0 |        0                                  
                                i   9 Stanly   |    119      0      0      0      0      0      0      0   2199      0    863      0 |     3181                                  
                                s  10 Union    |      0      0    505      0      0      0      0      0    194   3077   2777    890 |     7443                                  
                                t  11 Mecklnbg |      0    322   1409      0      0      0      0      0      0      0  19189   2576 |    23496                                  
                                r  12 External |      0      0      0      0      0      0      0      0      0      0      0    488 |      488                                  
                                ---------------+-------------------------------------------------------------------------------------+-----------                                
                                      Total        2989          6344          1360           519          2991         31025        |    62588                                  
                                               |          3527          5779           630             0          3077          4347 |                                           

 Date:  9/26/2013                                                                                                                                                                                                                                 
 Time: 15:29                                                                                                                                                                                                                                    
                                                                                                                                                                                 
                                                                                                                                                                                 
                                                                                                                                                                                 
                                                                                                                                                                                 
                                                                                                                                                                                 
                                                                                                                                                                                 
                                                                                                                                                                                 
                                                                                                                                                                                 
                                                                                                                                                                                 
                                                                                                                                                                                 
                                                                                                                                                                                 
                                                                                                                                                                                 
                                                                                                                                                                                 
                                                                                                                                                                                 
                                                                                                                                                                                 
                                                                            Metrolina Travel Model 2013                                                                          
                                                                         2010 Estimated Person Trips: HBU                                                                        
                                                                                                                                                                                 
                                                                                                                                                                                 
                                                                                                                                                                                 
                                                                                                                                                                                 
                                                                               Destination District                                                                              
                                                                                                                                                                                 
                                               |      1      2      3      4      5      6      7      8      9     10     11     12 |    Total                                  
                                ---------------+-------------------------------------------------------------------------------------+-----------                                
                                O   1 Cabarrus |    620    118      9      2      0     17      0      0    283    118   4175    481 |     5823                                  
                                r   2 Rowan    |    528   2691      3      0      0     96      0      0    339      1   1000    100 |     4758                                  
                                i   3 Gaston   |     17      0   2712    140    346      0      0      0      0      7   3016     90 |     6328                                  
                                g   4 York     |      2      0    271   5489     49      0      0      0      0     48   1600    105 |     7564                                  
                                i   5 Clevelnd |      0      0    473     10   1590      0      0      0      0      0     69      2 |     2144                                  
                                n   6 Iredell  |    138    119     21      0      0    259      0      0      0      0   1714     65 |     2316                                  
                                    7 Lincoln  |     20      0   1165      2    243     25      0      0      0      0    923     23 |     2401                                  
                                D   8 Lancastr |      0      0      6    175      0      0      0      0      0    120    241     71 |      613                                  
                                i   9 Stanly   |     29     31      0      0      0      0      0      0   1489    150    194     47 |     1940                                  
                                s  10 Union    |     15      1      7    151      0      0      0      0     26   4521   1847    926 |     7494                                  
                                t  11 Mecklnbg |    374     17    460    820      2     52      0      0     12   1494  22731   2272 |    28234                                  
                                r  12 External |     18      2     13      7      0      8      0      0      1     19    835     33 |      936                                  
                                ---------------+-------------------------------------------------------------------------------------+-----------                                
                                      Total        1761          5140          2230             0          2150         38345        |    70551                                  
                                               |          2979          6796           457             0          6478          4215 |                                           

 Date:  9/26/2013                                                                                                                                                                                                                                 
 Time: 15:29                                                                                                                                                                                                                                    
                                                                                                                                                                                 
                                                                                                                                                                                 
                                                                                                                                                                                 
                                                                                                                                                                                 
                                                                                                                                                                                 
                                                                                                                                                                                 
                                                                                                                                                                                 
                                                                                                                                                                                 
                                                                                                                                                                                 
                                                                                                                                                                                 
                                                                                                                                                                                 
                                                                                                                                                                                 
                                                                                                                                                                                 
                                                                                                                                                                                 
                                                                                                                                                                                 
                                                                            Metrolina Travel Model 2013                                                                          
                                                                         2010 Obs - Est Person Trips: HBU                                                                        
                                                                                                                                                                                 
                                                                                                                                                                                 
                                                                                                                                                                                 
                                                                                                                                                                                 
                                                                               Destination District                                                                              
                                                                                                                                                                                 
                                               |      1      2      3      4      5      6      7      8      9     10     11     12 |    Total                                  
                                ---------------+-------------------------------------------------------------------------------------+-----------                                
                                O   1 Cabarrus |   -592    118      9      2      0     17      0      0   -315    118   -301     88 |     -856                                  
                                r   2 Rowan    |   -571   -514      3      0      0     96      0      0    339      1   -170    100 |     -716                                  
                                i   3 Gaston   |     17      0  -1151    140    346      0      0      0      0      7   2552     90 |     2001                                  
                                g   4 York     |      2      0    256   -290     49      0      0      0      0     48   1024    105 |     1194                                  
                                i   5 Clevelnd |      0      0    -79     10    230      0      0      0      0      0     69      2 |      232                                  
                                n   6 Iredell  |    -21    119     21      0      0   -371      0      0      0      0    204     65 |       17                                  
                                    7 Lincoln  |   -380      0   1165      2    243     25   -519      0      0      0    923     23 |     1482                                  
                                D   8 Lancastr |      0      0      6    175      0      0      0      0      0    120    241     71 |      613                                  
                                i   9 Stanly   |    -90     31      0      0      0      0      0      0   -710    150   -669     47 |    -1241                                  
                                s  10 Union    |     15      1   -498    151      0      0      0      0   -168   1444   -930     36 |       51                                  
                                t  11 Mecklnbg |    374   -305   -949    820      2     52      0      0     12   1494   3542   -304 |     4738                                  
                                r  12 External |     18      2     13      7      0      8      0      0      1     19    835   -455 |      448                                  
                                ---------------+-------------------------------------------------------------------------------------+-----------                                
                                      Total       -1228         -1204           870          -519          -841          7320        |     7963                                  
                                               |          -548          1017          -173             0          3401          -132 |                                           

 Date:  9/26/2013                                                                                                                                                                                                                                 
 Time: 15:29                                                                                                                                                                                                                                    
                                                                                                                                                                                 
                                                                                                                                                                                 
                                                                                                                                                                                 
                                                                                                                                                                                 
                                                                                                                                                                                 
                                                                                                                                                                                 
                                                                                                                                                                                 
                                                                                                                                                                                 
                                                                                                                                                                                 
                                                                                                                                                                                 
                                                                                                                                                                                 
                                                                                                                                                                                 
                                                                                                                                                                                 
                                                                                                                                                                                 
                                                                                                                                                                                 
                                                                            Metrolina Travel Model 2013                                                                          
                                                                         2010 Obs / Est Person Trips: HBU                                                                        
                                                                                                                                                                                 
                                                                                                                                                                                 
                                                                                                                                                                                 
                                                                                                                                                                                 
                                                                               Destination District                                                                              
                                                                                                                                                                                 
                                               |      1      2      3      4      5      6      7      8      9     10     11     12 |    Total                                  
                                ---------------+-------------------------------------------------------------------------------------+-----------                                
                                O   1 Cabarrus |    .51    .00    .00    .00    .00    .00    .00    .00    .47    .00    .93   1.22 |      .87                                  
                                r   2 Rowan    |    .48    .84    .00    .00    .00    .00    .00    .00    .00    .00    .85    .00 |      .87                                  
                                i   3 Gaston   |    .00    .00    .70    .00    .00    .00    .00    .00    .00    .00   6.50    .00 |     1.46                                  
                                g   4 York     |    .00    .00  18.07    .95    .00    .00    .00    .00    .00    .00   2.78    .00 |     1.19                                  
                                i   5 Clevelnd |    .00    .00    .86    .00   1.17    .00    .00    .00    .00    .00    .00    .00 |     1.12                                  
                                n   6 Iredell  |    .87    .00    .00    .00    .00    .41    .00    .00    .00    .00   1.14    .00 |     1.01                                  
                                    7 Lincoln  |    .05    .00    .00    .00    .00    .00    .00    .00    .00    .00    .00    .00 |     2.61                                  
                                D   8 Lancastr |    .00    .00    .00    .00    .00    .00    .00    .00    .00    .00    .00    .00 |      .00                                  
                                i   9 Stanly   |    .24    .00    .00    .00    .00    .00    .00    .00    .68    .00    .22    .00 |      .61                                  
                                s  10 Union    |    .00    .00    .01    .00    .00    .00    .00    .00    .13   1.47    .67   1.04 |     1.01                                  
                                t  11 Mecklnbg |    .00    .05    .33    .00    .00    .00    .00    .00    .00    .00   1.18    .88 |     1.20                                  
                                r  12 External |    .00    .00    .00    .00    .00    .00    .00    .00    .00    .00    .00    .07 |     1.92                                  
                                ---------------+-------------------------------------------------------------------------------------+-----------                                
                                      Total    |    .59           .81          1.64           .00           .72          1.24        |     1.13                                  
                                               |           .84          1.18           .73           .00          2.11           .97 |                                           
