 Date:  9/26/2013                                                                                                                                                                                                                                 
 Time: 15:29                                                                                                                                                                                                                                    
                                                                                                                                                                                 
                                                                                                                                                                                 
                                                                                                                                                                                 
                                                                                                                                                                                 
                                                                                                                                                                                 
                                                                                                                                                                                 
                                                                                                                                                                                 
                                                                                                                                                                                 
                                                                                                                                                                                 
                                                                                                                                                                                 
                                                                                                                                                                                 
                                                                                                                                                                                 
                                                                                                                                                                                 
                                                                                                                                                                                 
                                                                                                                                                                                 
                                                                            Metrolina Travel Model 2013                                                                          
                                                                          2010 Observed Person Trips: HBO                                                                        
                                                                                                                                                                                 
                                                                                                                                                                                 
                                                                                                                                                                                 
                                                                                                                                                                                 
                                                                               Destination District                                                                              
                                                                                                                                                                                 
                                               |      1      2      3      4      5      6      7      8      9     10     11     12 |    Total                                  
                                ---------------+-------------------------------------------------------------------------------------+-----------                                
                                O   1 Cabarrus | 150853  15042      0      0      0    504      0      0   2941   2803  33712   8145 |   214000                                  
                                r   2 Rowan    |  18622 135676    109      0      0      0      0      0   1076      0   2591  13846 |   171920                                  
                                i   3 Gaston   |      0      0 242506   2931   6168      0   3696      0    147    867  14469   3991 |   274775                                  
                                g   4 York     |      0      0   7591 250140    497      0      0   3771      0      8  11393  11530 |   284930                                  
                                i   5 Clevelnd |      0      0   3760    108  52025      0   1348      0      0      0   1078   7786 |    66105                                  
                                n   6 Iredell  |    311   1635      0      0      0  73276      0      0      0      0   8166   8524 |    91912                                  
                                    7 Lincoln  |      0      0   8916      0    418   2181  63706      0      0      0   6025  13340 |    94586                                  
                                D   8 Lancastr |      0      0      0   3193      0      0      0   7342      0    475   8107    841 |    19958                                  
                                i   9 Stanly   |   7217    709      0      0      0      0      0      0  67522    237   2384   3607 |    81676                                  
                                s  10 Union    |   2730      0    110   2031      0    400      0    452   2924 145382  70757  13319 |   238105                                  
                                t  11 Mecklnbg |  18848   1386  11344  10774      0   3717   1713    289      0  153881075659  91253 |  1230371                                  
                                r  12 External |    774      0    198      0      0   3949    387      0      0      0  16583  15139 |    37030                                  
                                ---------------+-------------------------------------------------------------------------------------+-----------                                
                                      Total      199355        274534         59108         70850         74610       1250924        |  2805368                                  
                                               |        154448        269177         84027         11854        165160        191321 |                                           

 Date:  9/26/2013                                                                                                                                                                                                                                 
 Time: 15:29                                                                                                                                                                                                                                    
                                                                                                                                                                                 
                                                                                                                                                                                 
                                                                                                                                                                                 
                                                                                                                                                                                 
                                                                                                                                                                                 
                                                                                                                                                                                 
                                                                                                                                                                                 
                                                                                                                                                                                 
                                                                                                                                                                                 
                                                                                                                                                                                 
                                                                                                                                                                                 
                                                                                                                                                                                 
                                                                                                                                                                                 
                                                                                                                                                                                 
                                                                                                                                                                                 
                                                                            Metrolina Travel Model 2013                                                                          
                                                                         2010 Estimated Person Trips: HBO                                                                        
                                                                                                                                                                                 
                                                                                                                                                                                 
                                                                                                                                                                                 
                                                                                                                                                                                 
                                                                               Destination District                                                                              
                                                                                                                                                                                 
                                               |      1      2      3      4      5      6      7      8      9     10     11     12 |    Total                                  
                                ---------------+-------------------------------------------------------------------------------------+-----------                                
                                O   1 Cabarrus | 172070  12245     34      4      0   1333     28      1   3626   1208  36785   7598 |   234932                                  
                                r   2 Rowan    |  26489 132465      4      0      0   3657      2      0   1046      0    785  13636 |   178084                                  
                                i   3 Gaston   |     66      0 212635   4017  12130     16   7690      7      0     11  26971   8607 |   272150                                  
                                g   4 York     |      4      0  10030 230089   1301      0      8   2446      0    775  35506  18653 |   298812                                  
                                i   5 Clevelnd |      0      0   8899    295  73500      0    552      0      0      0     42  14444 |    97732                                  
                                n   6 Iredell  |   3444   4682     13      2      0  64429    288      0      0      1   9336  17143 |    99338                                  
                                    7 Lincoln  |     64      3  12833      5   1917    946  65488      1      0      0   5569  16872 |   103698                                  
                                D   8 Lancastr |      1      0      5   3086      0      0      0   9146      0   2785   9319   1360 |    25702                                  
                                i   9 Stanly   |   4124    766      0      0      0      0      0      0  60982   2902    613   6986 |    76373                                  
                                s  10 Union    |   1300      0     10   1702      0      0      0   4788   2074 171173  67747  18602 |   267396                                  
                                t  11 Mecklnbg |  44446    536  13276  17913     25   5639   1846   3899    217  257291056196  82735 |  1252457                                  
                                r  12 External |   6313  24551   8690  18888  25760  15931  16389   1510  10172  11499  69046  18482 |   227231                                  
                                ---------------+-------------------------------------------------------------------------------------+-----------                                
                                      Total      258321        266429        114633         92291         78117       1317915        |  3133905                                  
                                               |        175248        276001         91951         21798        216083        225118 |                                           

 Date:  9/26/2013                                                                                                                                                                                                                                 
 Time: 15:29                                                                                                                                                                                                                                    
                                                                                                                                                                                 
                                                                                                                                                                                 
                                                                                                                                                                                 
                                                                                                                                                                                 
                                                                                                                                                                                 
                                                                                                                                                                                 
                                                                                                                                                                                 
                                                                                                                                                                                 
                                                                                                                                                                                 
                                                                                                                                                                                 
                                                                                                                                                                                 
                                                                                                                                                                                 
                                                                                                                                                                                 
                                                                                                                                                                                 
                                                                                                                                                                                 
                                                                            Metrolina Travel Model 2013                                                                          
                                                                         2010 Obs - Est Person Trips: HBO                                                                        
                                                                                                                                                                                 
                                                                                                                                                                                 
                                                                                                                                                                                 
                                                                                                                                                                                 
                                                                               Destination District                                                                              
                                                                                                                                                                                 
                                               |      1      2      3      4      5      6      7      8      9     10     11     12 |    Total                                  
                                ---------------+-------------------------------------------------------------------------------------+-----------                                
                                O   1 Cabarrus |  21217  -2797     34      4      0    829     28      1    685  -1595   3073   -547 |    20932                                  
                                r   2 Rowan    |   7867  -3211   -105      0      0   3657      2      0    -30      0  -1806   -210 |     6164                                  
                                i   3 Gaston   |     66      0 -29871   1086   5962     16   3994      7   -147   -856  12502   4616 |    -2625                                  
                                g   4 York     |      4      0   2439 -20051    804      0      8  -1325      0    767  24113   7123 |    13882                                  
                                i   5 Clevelnd |      0      0   5139    187  21475      0   -796      0      0      0  -1036   6658 |    31627                                  
                                n   6 Iredell  |   3133   3047     13      2      0  -8847    288      0      0      1   1170   8619 |     7426                                  
                                    7 Lincoln  |     64      3   3917      5   1499  -1235   1782      1      0      0   -456   3532 |     9112                                  
                                D   8 Lancastr |      1      0      5   -107      0      0      0   1804      0   2310   1212    519 |     5744                                  
                                i   9 Stanly   |  -3093     57      0      0      0      0      0      0  -6540   2665  -1771   3379 |    -5303                                  
                                s  10 Union    |  -1430      0   -100   -329      0   -400      0   4336   -850  25791  -3010   5283 |    29291                                  
                                t  11 Mecklnbg |  25598   -850   1932   7139     25   1922    133   3610    217  10341 -19463  -8518 |    22086                                  
                                r  12 External |   5539  24551   8492  18888  25760  11982  16002   1510  10172  11499  52463   3343 |   190201                                  
                                ---------------+-------------------------------------------------------------------------------------+-----------                                
                                      Total       58966         -8105         55525         21441          3507         66991        |   328537                                  
                                               |         20800          6824          7924          9944         50923         33797 |                                           

 Date:  9/26/2013                                                                                                                                                                                                                                 
 Time: 15:29                                                                                                                                                                                                                                    
                                                                                                                                                                                 
                                                                                                                                                                                 
                                                                                                                                                                                 
                                                                                                                                                                                 
                                                                                                                                                                                 
                                                                                                                                                                                 
                                                                                                                                                                                 
                                                                                                                                                                                 
                                                                                                                                                                                 
                                                                                                                                                                                 
                                                                                                                                                                                 
                                                                                                                                                                                 
                                                                                                                                                                                 
                                                                                                                                                                                 
                                                                                                                                                                                 
                                                                            Metrolina Travel Model 2013                                                                          
                                                                         2010 Obs / Est Person Trips: HBO                                                                        
                                                                                                                                                                                 
                                                                                                                                                                                 
                                                                                                                                                                                 
                                                                                                                                                                                 
                                                                               Destination District                                                                              
                                                                                                                                                                                 
                                               |      1      2      3      4      5      6      7      8      9     10     11     12 |    Total                                  
                                ---------------+-------------------------------------------------------------------------------------+-----------                                
                                O   1 Cabarrus |   1.14    .81    .00    .00    .00   2.64    .00    .00   1.23    .43   1.09    .93 |     1.10                                  
                                r   2 Rowan    |   1.42    .98    .04    .00    .00    .00    .00    .00    .97    .00    .30    .98 |     1.04                                  
                                i   3 Gaston   |    .00    .00    .88   1.37   1.97    .00   2.08    .00    .00    .01   1.86   2.16 |      .99                                  
                                g   4 York     |    .00    .00   1.32    .92   2.62    .00    .00    .65    .00  96.88   3.12   1.62 |     1.05                                  
                                i   5 Clevelnd |    .00    .00   2.37   2.73   1.41    .00    .41    .00    .00    .00    .04   1.86 |     1.48                                  
                                n   6 Iredell  |  11.07   2.86    .00    .00    .00    .88    .00    .00    .00    .00   1.14   2.01 |     1.08                                  
                                    7 Lincoln  |    .00    .00   1.44    .00   4.59    .43   1.03    .00    .00    .00    .92   1.26 |     1.10                                  
                                D   8 Lancastr |    .00    .00    .00    .97    .00    .00    .00   1.25    .00   5.86   1.15   1.62 |     1.29                                  
                                i   9 Stanly   |    .57   1.08    .00    .00    .00    .00    .00    .00    .90  12.24    .26   1.94 |      .94                                  
                                s  10 Union    |    .48    .00    .09    .84    .00    .00    .00  10.59    .71   1.18    .96   1.40 |     1.12                                  
                                t  11 Mecklnbg |   2.36    .39   1.17   1.66    .00   1.52   1.08  13.49    .00   1.67    .98    .91 |     1.02                                  
                                r  12 External |   8.16    .00  43.89    .00    .00   4.03  42.35    .00    .00    .00   4.16   1.22 |     6.14                                  
                                ---------------+-------------------------------------------------------------------------------------+-----------                                
                                      Total    |   1.30           .97          1.94          1.30          1.05          1.05        |     1.12                                  
                                               |          1.13          1.03          1.09          1.84          1.31          1.18 |                                           

 Date:  9/26/2013                                                                                                                                                                                                                                 
 Time: 15:29                                                                                                                                                                                                                                    
                                                                                                                                                                                 
                                                                                                                                                                                 
                                                                                                                                                                                 
                                                                                                                                                                                 
                                                                                                                                                                                 
                                                                                                                                                                                 
                                                                                                                                                                                 
                                                                                                                                                                                 
                                                                                                                                                                                 
                                                                                                                                                                                 
                                                                                                                                                                                 
                                                                                                                                                                                 
                                                                                                                                                                                 
                                                                                                                                                                                 
                                                                                                                                                                                 
                                                                            Metrolina Travel Model 2013                                                                          
                                                                          2010 Observed Person Trips: JTW                                                                        
                                                                                                                                                                                 
                                                                                                                                                                                 
                                                                                                                                                                                 
                                                                                                                                                                                 
                                                                               Destination District                                                                              
                                                                                                                                                                                 
                                               |      1      2      3      4      5      6      7      8      9     10     11     12 |    Total                                  
                                ---------------+-------------------------------------------------------------------------------------+-----------                                
                                O   1 Cabarrus |  16099   2060    235      0      0      0    153      0    151    299   3987   1080 |    24064                                  
                                r   2 Rowan    |   2841  10839      0      0      0    409    200      0    398      0      0      0 |    14687                                  
                                i   3 Gaston   |      0      0  27606    582      0      0    402      0      0      0   4123      0 |    32713                                  
                                g   4 York     |    126      0    247  12806    108      0    363    253      0      0   1356      8 |    15267                                  
                                i   5 Clevelnd |      0      0    255      0   4961      0      0      0      0      0    331      0 |     5547                                  
                                n   6 Iredell  |      0    118      0      0      0   4252    150      0      0      0   1296    159 |     5975                                  
                                    7 Lincoln  |      0      0    312      0      0      0   3762      0      0      0    754      0 |     4828                                  
                                D   8 Lancastr |      0      0      0    124      0      0      0    620      0    253    706      0 |     1703                                  
                                i   9 Stanly   |    126      0      0      0      0      0      0      0   4629      0    299      0 |     5054                                  
                                s  10 Union    |      0      0      0      0      0      0      0    253      0   8563   4054    616 |    13486                                  
                                t  11 Mecklnbg |   6394    373   4377   2854    193   1806    656    413    445   3488 140149   9655 |   170803                                  
                                r  12 External |    715      0      0    281      0    418      0      0      0    614   9399   3367 |    14794                                  
                                ---------------+-------------------------------------------------------------------------------------+-----------                                
                                      Total       26301         33032          5262          5686          5623        166454        |   308921                                  
                                               |         13390         16647          6885          1539         13217         14885 |                                           

 Date:  9/26/2013                                                                                                                                                                                                                                 
 Time: 15:29                                                                                                                                                                                                                                    
                                                                                                                                                                                 
                                                                                                                                                                                 
                                                                                                                                                                                 
                                                                                                                                                                                 
                                                                                                                                                                                 
                                                                                                                                                                                 
                                                                                                                                                                                 
                                                                                                                                                                                 
                                                                                                                                                                                 
                                                                                                                                                                                 
                                                                                                                                                                                 
                                                                                                                                                                                 
                                                                                                                                                                                 
                                                                                                                                                                                 
                                                                                                                                                                                 
                                                                            Metrolina Travel Model 2013                                                                          
                                                                         2010 Estimated Person Trips: JTW                                                                        
                                                                                                                                                                                 
                                                                                                                                                                                 
                                                                                                                                                                                 
                                                                                                                                                                                 
                                                                               Destination District                                                                              
                                                                                                                                                                                 
                                               |      1      2      3      4      5      6      7      8      9     10     11     12 |    Total                                  
                                ---------------+-------------------------------------------------------------------------------------+-----------                                
                                O   1 Cabarrus |  13250   3782    475    244     48    836    165     18   1212   1057   9360   1033 |    31480                                  
                                r   2 Rowan    |   3958   9640    108     59     11    995     73      3    627    153   2040    269 |    17936                                  
                                i   3 Gaston   |    485     99  11789   1588   2447    166   1603     44     28    260   7310    512 |    26331                                  
                                g   4 York     |    252     57   1506  19205    419     63    104    342     25    994   7801    385 |    31153                                  
                                i   5 Clevelnd |     46      8   2738    497   7608     37    740      4      4     25    845     59 |    12611                                  
                                n   6 Iredell  |    830    965    175     67     19   2313    258      3     41     49   2093    485 |     7298                                  
                                    7 Lincoln  |    172     77   1669    125    672    283   2804      4      9     35   1326    238 |     7414                                  
                                D   8 Lancastr |     19      2     36    338      4      3      5    142      3    285    649     28 |     1514                                  
                                i   9 Stanly   |   1344    691     26     25      1     44      7      7   6490    936    960     81 |    10612                                  
                                s  10 Union    |   1025    153    254    959     26     61     34    279    823  13948   8487    544 |    26593                                  
                                t  11 Mecklnbg |   9112   1860   6797   7709    634   2063   1221    659    847   8312 100672   6841 |   146727                                  
                                r  12 External |   1008    257    481    373     50    473    211     27     68    528   6860   1014 |    11350                                  
                                ---------------+-------------------------------------------------------------------------------------+-----------                                
                                      Total       31501         26054         11939          7225         10177        148403        |   331019                                  
                                               |         17591         31189          7337          1532         26582         11489 |                                           

 Date:  9/26/2013                                                                                                                                                                                                                                 
 Time: 15:29                                                                                                                                                                                                                                    
                                                                                                                                                                                 
                                                                                                                                                                                 
                                                                                                                                                                                 
                                                                                                                                                                                 
                                                                                                                                                                                 
                                                                                                                                                                                 
                                                                                                                                                                                 
                                                                                                                                                                                 
                                                                                                                                                                                 
                                                                                                                                                                                 
                                                                                                                                                                                 
                                                                                                                                                                                 
                                                                                                                                                                                 
                                                                                                                                                                                 
                                                                                                                                                                                 
                                                                            Metrolina Travel Model 2013                                                                          
                                                                         2010 Obs - Est Person Trips: JTW                                                                        
                                                                                                                                                                                 
                                                                                                                                                                                 
                                                                                                                                                                                 
                                                                                                                                                                                 
                                                                               Destination District                                                                              
                                                                                                                                                                                 
                                               |      1      2      3      4      5      6      7      8      9     10     11     12 |    Total                                  
                                ---------------+-------------------------------------------------------------------------------------+-----------                                
                                O   1 Cabarrus |  -2849   1722    240    244     48    836     12     18   1061    758   5373    -47 |     7416                                  
                                r   2 Rowan    |   1117  -1199    108     59     11    586   -127      3    229    153   2040    269 |     3249                                  
                                i   3 Gaston   |    485     99 -15817   1006   2447    166   1201     44     28    260   3187    512 |    -6382                                  
                                g   4 York     |    126     57   1259   6399    311     63   -259     89     25    994   6445    377 |    15886                                  
                                i   5 Clevelnd |     46      8   2483    497   2647     37    740      4      4     25    514     59 |     7064                                  
                                n   6 Iredell  |    830    847    175     67     19  -1939    108      3     41     49    797    326 |     1323                                  
                                    7 Lincoln  |    172     77   1357    125    672    283   -958      4      9     35    572    238 |     2586                                  
                                D   8 Lancastr |     19      2     36    214      4      3      5   -478      3     32    -57     28 |     -189                                  
                                i   9 Stanly   |   1218    691     26     25      1     44      7      7   1861    936    661     81 |     5558                                  
                                s  10 Union    |   1025    153    254    959     26     61     34     26    823   5385   4433    -72 |    13107                                  
                                t  11 Mecklnbg |   2718   1487   2420   4855    441    257    565    246    402   4824 -39477  -2814 |   -24076                                  
                                r  12 External |    293    257    481     92     50     55    211     27     68    -86  -2539  -2353 |    -3444                                  
                                ---------------+-------------------------------------------------------------------------------------+-----------                                
                                      Total        5200         -6978          6677          1539          4554        -18051        |    22098                                  
                                               |          4201         14542           452            -7         13365         -3396 |                                           

 Date:  9/26/2013                                                                                                                                                                                                                                 
 Time: 15:29                                                                                                                                                                                                                                    
                                                                                                                                                                                 
                                                                                                                                                                                 
                                                                                                                                                                                 
                                                                                                                                                                                 
                                                                                                                                                                                 
                                                                                                                                                                                 
                                                                                                                                                                                 
                                                                                                                                                                                 
                                                                                                                                                                                 
                                                                                                                                                                                 
                                                                                                                                                                                 
                                                                                                                                                                                 
                                                                                                                                                                                 
                                                                                                                                                                                 
                                                                                                                                                                                 
                                                                            Metrolina Travel Model 2013                                                                          
                                                                         2010 Obs / Est Person Trips: JTW                                                                        
                                                                                                                                                                                 
                                                                                                                                                                                 
                                                                                                                                                                                 
                                                                                                                                                                                 
                                                                               Destination District                                                                              
                                                                                                                                                                                 
                                               |      1      2      3      4      5      6      7      8      9     10     11     12 |    Total                                  
                                ---------------+-------------------------------------------------------------------------------------+-----------                                
                                O   1 Cabarrus |    .82   1.84   2.02    .00    .00    .00   1.08    .00   8.03   3.54   2.35    .96 |     1.31                                  
                                r   2 Rowan    |   1.39    .89    .00    .00    .00   2.43    .37    .00   1.58    .00    .00    .00 |     1.22                                  
                                i   3 Gaston   |    .00    .00    .43   2.73    .00    .00   3.99    .00    .00    .00   1.77    .00 |      .80                                  
                                g   4 York     |   2.00    .00   6.10   1.50   3.88    .00    .29   1.35    .00    .00   5.75  48.13 |     2.04                                  
                                i   5 Clevelnd |    .00    .00  10.74    .00   1.53    .00    .00    .00    .00    .00   2.55    .00 |     2.27                                  
                                n   6 Iredell  |    .00   8.18    .00    .00    .00    .54   1.72    .00    .00    .00   1.61   3.05 |     1.22                                  
                                    7 Lincoln  |    .00    .00   5.35    .00    .00    .00    .75    .00    .00    .00   1.76    .00 |     1.54                                  
                                D   8 Lancastr |    .00    .00    .00   2.73    .00    .00    .00    .23    .00   1.13    .92    .00 |      .89                                  
                                i   9 Stanly   |  10.67    .00    .00    .00    .00    .00    .00    .00   1.40    .00   3.21    .00 |     2.10                                  
                                s  10 Union    |    .00    .00    .00    .00    .00    .00    .00   1.10    .00   1.63   2.09    .88 |     1.97                                  
                                t  11 Mecklnbg |   1.43   4.99   1.55   2.70   3.28   1.14   1.86   1.60   1.90   2.38    .72    .71 |      .86                                  
                                r  12 External |   1.41    .00    .00   1.33    .00   1.13    .00    .00    .00    .86    .73    .30 |      .77                                  
                                ---------------+-------------------------------------------------------------------------------------+-----------                                
                                      Total    |   1.20           .79          2.27          1.27          1.81           .89        |     1.07                                  
                                               |          1.31          1.87          1.07          1.00          2.01           .77 |                                           
