 Date:  9/26/2013                                                                                                                                                                                                                                 
 Time: 15:29                                                                                                                                                                                                                                    
                                                                                                                                                                                 
                                                                                                                                                                                 
                                                                                                                                                                                 
                                                                                                                                                                                 
                                                                                                                                                                                 
                                                                                                                                                                                 
                                                                                                                                                                                 
                                                                                                                                                                                 
                                                                                                                                                                                 
                                                                                                                                                                                 
                                                                                                                                                                                 
                                                                                                                                                                                 
                                                                                                                                                                                 
                                                                                                                                                                                 
                                                                                                                                                                                 
                                                                            Metrolina Travel Model 2013                                                                          
                                                                          2010 Observed Person Trips: HBW                                                                        
                                                                                                                                                                                 
                                                                                                                                                                                 
                                                                                                                                                                                 
                                                                                                                                                                                 
                                                                               Destination District                                                                              
                                                                                                                                                                                 
                                               |      1      2      3      4      5      6      7      8      9     10     11     12 |    Total                                  
                                ---------------+-------------------------------------------------------------------------------------+-----------                                
                                O   1 Cabarrus |  68216   7157    756   1819      0   1647      0      0    529   1201  33727   4173 |   119225                                  
                                r   2 Rowan    |   6406  55292      0      0      0   1706      0    108   1025      0   9222   6362 |    80121                                  
                                i   3 Gaston   |    785      0  65121   2866   6139    480   3322    480      0      0  29320   1439 |   109952                                  
                                g   4 York     |     17      0   1931  64543    923   1812      0   1907      0   1412  34844   4725 |   112114                                  
                                i   5 Clevelnd |      0      0   2648      0  16368      0    485      0      0      0   1695   6321 |    27517                                  
                                n   6 Iredell  |    208    751    681      0      0  14427    118      0      0      0   7589   7682 |    31456                                  
                                    7 Lincoln  |      0    201   5514    488    562    701  18242      0      0    559   8892   6986 |    42145                                  
                                D   8 Lancastr |      0      0      0    271      0      0      0    299      0      0   1122    382 |     2074                                  
                                i   9 Stanly   |    619    860      0      0      0      0      0      0  21958   2380   3836   1948 |    31601                                  
                                s  10 Union    |    302      0   1368    620      0      0      0   1230      0  56690  50819   6716 |   117745                                  
                                t  11 Mecklnbg |   7376    580   6959   6398      0   3171    362   1300      0   9526 359626  25646 |   420944                                  
                                r  12 External |      0      0      0      0      0      0      0      0      0      0   6338    870 |     7208                                  
                                ---------------+-------------------------------------------------------------------------------------+-----------                                
                                      Total       83929         84978         23992         22529         23512        547030        |  1102102                                  
                                               |         64841         77005         23944          5324         71768         73250 |                                           

 Date:  9/26/2013                                                                                                                                                                                                                                 
 Time: 15:29                                                                                                                                                                                                                                    
                                                                                                                                                                                 
                                                                                                                                                                                 
                                                                                                                                                                                 
                                                                                                                                                                                 
                                                                                                                                                                                 
                                                                                                                                                                                 
                                                                                                                                                                                 
                                                                                                                                                                                 
                                                                                                                                                                                 
                                                                                                                                                                                 
                                                                                                                                                                                 
                                                                                                                                                                                 
                                                                                                                                                                                 
                                                                                                                                                                                 
                                                                                                                                                                                 
                                                                            Metrolina Travel Model 2013                                                                          
                                                                         2010 Estimated Person Trips: HBW                                                                        
                                                                                                                                                                                 
                                                                                                                                                                                 
                                                                                                                                                                                 
                                                                                                                                                                                 
                                                                               Destination District                                                                              
                                                                                                                                                                                 
                                               |      1      2      3      4      5      6      7      8      9     10     11     12 |    Total                                  
                                ---------------+-------------------------------------------------------------------------------------+-----------                                
                                O   1 Cabarrus |  42873   6786    751    343     36   1056     72     64   2655   2162  34672   5228 |    96698                                  
                                r   2 Rowan    |  16667  40669     97     51      5   2991     30      4   1706    106   5101   7670 |    75097                                  
                                i   3 Gaston   |    745     45  48557   4722   8063    121   4907     84      8    200  35754   5022 |   108228                                  
                                g   4 York     |    277     17   6873  63605   1478     22    157   1420      4    851  38193  10558 |   123455                                  
                                i   5 Clevelnd |     40      2   7593    705  20774      3    877      5      3     14   1890   8112 |    40018                                  
                                n   6 Iredell  |   3010   3532    167     68     10  18448    499      4     20     32   7804   9367 |    42961                                  
                                    7 Lincoln  |    153     25   9441    426   2601    448  15139     16      2     42   8311   9404 |    46008                                  
                                D   8 Lancastr |     69      5     81   1878      1      1      5   2422      5   1226   5540    855 |    12088                                  
                                i   9 Stanly   |   4221   1372     38     60      4     26      4     13  19008   2599   3335   4141 |    34821                                  
                                s  10 Union    |   2970    103    442   3017     16     16     14   3319   1174  47619  42580  10925 |   112195                                  
                                t  11 Mecklnbg |  19301   1284   9907  14599    459   2736   1261   2514    462  11908 366595  33520 |   464546                                  
                                r  12 External |   2848  10818   3906  11649  11019   7723   6976   1114   5509   5882  42633   6920 |   116997                                  
                                ---------------+-------------------------------------------------------------------------------------+-----------                                
                                      Total       93174         87853         44466         29941         30556        592408        |  1273112                                  
                                               |         64658        101123         33591         10979         72641        111722 |                                           

 Date:  9/26/2013                                                                                                                                                                                                                                 
 Time: 15:29                                                                                                                                                                                                                                    
                                                                                                                                                                                 
                                                                                                                                                                                 
                                                                                                                                                                                 
                                                                                                                                                                                 
                                                                                                                                                                                 
                                                                                                                                                                                 
                                                                                                                                                                                 
                                                                                                                                                                                 
                                                                                                                                                                                 
                                                                                                                                                                                 
                                                                                                                                                                                 
                                                                                                                                                                                 
                                                                                                                                                                                 
                                                                                                                                                                                 
                                                                                                                                                                                 
                                                                            Metrolina Travel Model 2013                                                                          
                                                                         2010 Obs - Est Person Trips: HBW                                                                        
                                                                                                                                                                                 
                                                                                                                                                                                 
                                                                                                                                                                                 
                                                                                                                                                                                 
                                                                               Destination District                                                                              
                                                                                                                                                                                 
                                               |      1      2      3      4      5      6      7      8      9     10     11     12 |    Total                                  
                                ---------------+-------------------------------------------------------------------------------------+-----------                                
                                O   1 Cabarrus | -25343   -371     -5  -1476     36   -591     72     64   2126    961    945   1055 |   -22527                                  
                                r   2 Rowan    |  10261 -14623     97     51      5   1285     30   -104    681    106  -4121   1308 |    -5024                                  
                                i   3 Gaston   |    -40     45 -16564   1856   1924   -359   1585   -396      8    200   6434   3583 |    -1724                                  
                                g   4 York     |    260     17   4942   -938    555  -1790    157   -487      4   -561   3349   5833 |    11341                                  
                                i   5 Clevelnd |     40      2   4945    705   4406      3    392      5      3     14    195   1791 |    12501                                  
                                n   6 Iredell  |   2802   2781   -514     68     10   4021    381      4     20     32    215   1685 |    11505                                  
                                    7 Lincoln  |    153   -176   3927    -62   2039   -253  -3103     16      2   -517   -581   2418 |     3863                                  
                                D   8 Lancastr |     69      5     81   1607      1      1      5   2123      5   1226   4418    473 |    10014                                  
                                i   9 Stanly   |   3602    512     38     60      4     26      4     13  -2950    219   -501   2193 |     3220                                  
                                s  10 Union    |   2668    103   -926   2397     16     16     14   2089   1174  -9071  -8239   4209 |    -5550                                  
                                t  11 Mecklnbg |  11925    704   2948   8201    459   -435    899   1214    462   2382   6969   7874 |    43602                                  
                                r  12 External |   2848  10818   3906  11649  11019   7723   6976   1114   5509   5882  36295   6050 |   109789                                  
                                ---------------+-------------------------------------------------------------------------------------+-----------                                
                                      Total        9245          2875         20474          7412          7044         45378        |   171010                                  
                                               |          -183         24118          9647          5655           873         38472 |                                           

 Date:  9/26/2013                                                                                                                                                                                                                                 
 Time: 15:29                                                                                                                                                                                                                                    
                                                                                                                                                                                 
                                                                                                                                                                                 
                                                                                                                                                                                 
                                                                                                                                                                                 
                                                                                                                                                                                 
                                                                                                                                                                                 
                                                                                                                                                                                 
                                                                                                                                                                                 
                                                                                                                                                                                 
                                                                                                                                                                                 
                                                                                                                                                                                 
                                                                                                                                                                                 
                                                                                                                                                                                 
                                                                                                                                                                                 
                                                                                                                                                                                 
                                                                            Metrolina Travel Model 2013                                                                          
                                                                         2010 Obs / Est Person Trips: HBW                                                                        
                                                                                                                                                                                 
                                                                                                                                                                                 
                                                                                                                                                                                 
                                                                                                                                                                                 
                                                                               Destination District                                                                              
                                                                                                                                                                                 
                                               |      1      2      3      4      5      6      7      8      9     10     11     12 |    Total                                  
                                ---------------+-------------------------------------------------------------------------------------+-----------                                
                                O   1 Cabarrus |    .63    .95    .99    .19    .00    .64    .00    .00   5.02   1.80   1.03   1.25 |      .81                                  
                                r   2 Rowan    |   2.60    .74    .00    .00    .00   1.75    .00    .04   1.66    .00    .55   1.21 |      .94                                  
                                i   3 Gaston   |    .95    .00    .75   1.65   1.31    .25   1.48    .18    .00    .00   1.22   3.49 |      .98                                  
                                g   4 York     |  16.29    .00   3.56    .99   1.60    .01    .00    .74    .00    .60   1.10   2.23 |     1.10                                  
                                i   5 Clevelnd |    .00    .00   2.87    .00   1.27    .00   1.81    .00    .00    .00   1.12   1.28 |     1.45                                  
                                n   6 Iredell  |  14.47   4.70    .25    .00    .00   1.28   4.23    .00    .00    .00   1.03   1.22 |     1.37                                  
                                    7 Lincoln  |    .00    .12   1.71    .87   4.63    .64    .83    .00    .00    .08    .93   1.35 |     1.09                                  
                                D   8 Lancastr |    .00    .00    .00   6.93    .00    .00    .00   8.10    .00    .00   4.94   2.24 |     5.83                                  
                                i   9 Stanly   |   6.82   1.60    .00    .00    .00    .00    .00    .00    .87   1.09    .87   2.13 |     1.10                                  
                                s  10 Union    |   9.83    .00    .32   4.87    .00    .00    .00   2.70    .00    .84    .84   1.63 |      .95                                  
                                t  11 Mecklnbg |   2.62   2.21   1.42   2.28    .00    .86   3.48   1.93    .00   1.25   1.02   1.31 |     1.10                                  
                                r  12 External |    .00    .00    .00    .00    .00    .00    .00    .00    .00    .00   6.73   7.95 |    16.23                                  
                                ---------------+-------------------------------------------------------------------------------------+-----------                                
                                      Total    |   1.11          1.03          1.85          1.33          1.30          1.08        |     1.16                                  
                                               |          1.00          1.31          1.40          2.06          1.01          1.53 |                                           

 Date:  9/26/2013                                                                                                                                                                                                                                 
 Time: 15:29                                                                                                                                                                                                                                    
                                                                                                                                                                                 
                                                                                                                                                                                 
                                                                                                                                                                                 
                                                                                                                                                                                 
                                                                                                                                                                                 
                                                                                                                                                                                 
                                                                                                                                                                                 
                                                                                                                                                                                 
                                                                                                                                                                                 
                                                                                                                                                                                 
                                                                                                                                                                                 
                                                                                                                                                                                 
                                                                                                                                                                                 
                                                                                                                                                                                 
                                                                                                                                                                                 
                                                                            Metrolina Travel Model 2013                                                                          
                                                                          2010 Observed Person Trips: HBS                                                                        
                                                                                                                                                                                 
                                                                                                                                                                                 
                                                                                                                                                                                 
                                                                                                                                                                                 
                                                                               Destination District                                                                              
                                                                                                                                                                                 
                                               |      1      2      3      4      5      6      7      8      9     10     11     12 |    Total                                  
                                ---------------+-------------------------------------------------------------------------------------+-----------                                
                                O   1 Cabarrus |  69210   1656      0      0      0      0      0      0    898    212  11048    314 |    83338                                  
                                r   2 Rowan    |  15015  44067      0      0      0    933      0      0   1159      0   1417      0 |    62591                                  
                                i   3 Gaston   |    202      0  98196   2234   6308      0   2895      0      0      0   3249    146 |   113230                                  
                                g   4 York     |      0      0   2068  96862      0      0      0   3036      0      0  11723      9 |   113698                                  
                                i   5 Clevelnd |      0      0    996      0  31134      0    394      0      0      0    197      0 |    32721                                  
                                n   6 Iredell  |   1875    311      0      0      0  30442      0      0      0      0   1153    572 |    34353                                  
                                    7 Lincoln  |      0      0   3822    138    926    153  38850      0      0      0    549    137 |    44575                                  
                                D   8 Lancastr |      0      0      0    994      0      0      0   5447      0    555   3118     48 |    10162                                  
                                i   9 Stanly   |    291    213    682      0      0      0    712      0  24533      0      0      0 |    26431                                  
                                s  10 Union    |   1255      0      0      0      0      0      0   2338    302  51737  19620   3036 |    78288                                  
                                t  11 Mecklnbg |  10407      0   3190   5710      0    290    343   1972    849   8721 426316  46434 |   504232                                  
                                r  12 External |   1016    355      0      0      0   1236      0      0      0      0   6322  12250 |    21179                                  
                                ---------------+-------------------------------------------------------------------------------------+-----------                                
                                      Total       99271        108954         38368         43194         27741        484712        |  1124798                                  
                                               |         46602        105938         33054         12793         61225         62946 |                                           

 Date:  9/26/2013                                                                                                                                                                                                                                 
 Time: 15:29                                                                                                                                                                                                                                    
                                                                                                                                                                                 
                                                                                                                                                                                 
                                                                                                                                                                                 
                                                                                                                                                                                 
                                                                                                                                                                                 
                                                                                                                                                                                 
                                                                                                                                                                                 
                                                                                                                                                                                 
                                                                                                                                                                                 
                                                                                                                                                                                 
                                                                                                                                                                                 
                                                                                                                                                                                 
                                                                                                                                                                                 
                                                                                                                                                                                 
                                                                                                                                                                                 
                                                                            Metrolina Travel Model 2013                                                                          
                                                                         2010 Estimated Person Trips: HBS                                                                        
                                                                                                                                                                                 
                                                                                                                                                                                 
                                                                                                                                                                                 
                                                                                                                                                                                 
                                                                               Destination District                                                                              
                                                                                                                                                                                 
                                               |      1      2      3      4      5      6      7      8      9     10     11     12 |    Total                                  
                                ---------------+-------------------------------------------------------------------------------------+-----------                                
                                O   1 Cabarrus |  77105   2900      1      1      0    318      1      0   1184    253  10212   1348 |    93323                                  
                                r   2 Rowan    |  11229  58645      0      0      0   1527      0      0    367      0    115     31 |    71914                                  
                                i   3 Gaston   |     14      0  96363   1248   4531      1   2802      2      0      0   7272    238 |   112471                                  
                                g   4 York     |      1      0   3259 101638    488      0      0   1273      0    132  11939    285 |   119015                                  
                                i   5 Clevelnd |      0      0   2607     54  34600      0     65      0      0      0      4      0 |    37330                                  
                                n   6 Iredell  |    851   1087      1      0      0  29149     37      0      0      0   2680   2325 |    36130                                  
                                    7 Lincoln  |     12      0   3789      1    581    558  30344      0      0      0   1671   1150 |    38106                                  
                                D   8 Lancastr |      0      0      0    945      0      0      0   4454      0    888   4029     36 |    10352                                  
                                i   9 Stanly   |   1749    184      0      0      0      0      0      0  27549    345    170      5 |    30002                                  
                                s  10 Union    |    345      0      2    358      0      0      0   2952    819  66888  23920   1800 |    97084                                  
                                t  11 Mecklnbg |  22129     43   4674   7261      3   1977    587   1727     32   7776 412921  35362 |   494492                                  
                                r  12 External |    770      4     55     36      0   1049    215      2      0    131  12331   6529 |    21122                                  
                                ---------------+-------------------------------------------------------------------------------------+-----------                                
                                      Total      114205        110751         40203         34051         29951        487264        |  1161341                                  
                                               |         62863        111542         34579         10410         76413         49109 |                                           

 Date:  9/26/2013                                                                                                                                                                                                                                 
 Time: 15:29                                                                                                                                                                                                                                    
                                                                                                                                                                                 
                                                                                                                                                                                 
                                                                                                                                                                                 
                                                                                                                                                                                 
                                                                                                                                                                                 
                                                                                                                                                                                 
                                                                                                                                                                                 
                                                                                                                                                                                 
                                                                                                                                                                                 
                                                                                                                                                                                 
                                                                                                                                                                                 
                                                                                                                                                                                 
                                                                                                                                                                                 
                                                                                                                                                                                 
                                                                                                                                                                                 
                                                                            Metrolina Travel Model 2013                                                                          
                                                                         2010 Obs - Est Person Trips: HBS                                                                        
                                                                                                                                                                                 
                                                                                                                                                                                 
                                                                                                                                                                                 
                                                                                                                                                                                 
                                                                               Destination District                                                                              
                                                                                                                                                                                 
                                               |      1      2      3      4      5      6      7      8      9     10     11     12 |    Total                                  
                                ---------------+-------------------------------------------------------------------------------------+-----------                                
                                O   1 Cabarrus |   7895   1244      1      1      0    318      1      0    286     41   -836   1034 |     9985                                  
                                r   2 Rowan    |  -3786  14578      0      0      0    594      0      0   -792      0  -1302     31 |     9323                                  
                                i   3 Gaston   |   -188      0  -1833   -986  -1777      1    -93      2      0      0   4023     92 |     -759                                  
                                g   4 York     |      1      0   1191   4776    488      0      0  -1763      0    132    216    276 |     5317                                  
                                i   5 Clevelnd |      0      0   1611     54   3466      0   -329      0      0      0   -193      0 |     4609                                  
                                n   6 Iredell  |  -1024    776      1      0      0  -1293     37      0      0      0   1527   1753 |     1777                                  
                                    7 Lincoln  |     12      0    -33   -137   -345    405  -8506      0      0      0   1122   1013 |    -6469                                  
                                D   8 Lancastr |      0      0      0    -49      0      0      0   -993      0    333    911    -12 |      190                                  
                                i   9 Stanly   |   1458    -29   -682      0      0      0   -712      0   3016    345    170      5 |     3571                                  
                                s  10 Union    |   -910      0      2    358      0      0      0    614    517  15151   4300  -1236 |    18796                                  
                                t  11 Mecklnbg |  11722     43   1484   1551      3   1687    244   -245   -817   -945 -13395 -11072 |    -9740                                  
                                r  12 External |   -246   -351     55     36      0   -187    215      2      0    131   6009  -5721 |      -57                                  
                                ---------------+-------------------------------------------------------------------------------------+-----------                                
                                      Total       14934          1797          1835         -9143          2210          2552        |    36543                                  
                                               |         16261          5604          1525         -2383         15188        -13837 |                                           

 Date:  9/26/2013                                                                                                                                                                                                                                 
 Time: 15:29                                                                                                                                                                                                                                    
                                                                                                                                                                                 
                                                                                                                                                                                 
                                                                                                                                                                                 
                                                                                                                                                                                 
                                                                                                                                                                                 
                                                                                                                                                                                 
                                                                                                                                                                                 
                                                                                                                                                                                 
                                                                                                                                                                                 
                                                                                                                                                                                 
                                                                                                                                                                                 
                                                                                                                                                                                 
                                                                                                                                                                                 
                                                                                                                                                                                 
                                                                                                                                                                                 
                                                                            Metrolina Travel Model 2013                                                                          
                                                                         2010 Obs / Est Person Trips: HBS                                                                        
                                                                                                                                                                                 
                                                                                                                                                                                 
                                                                                                                                                                                 
                                                                                                                                                                                 
                                                                               Destination District                                                                              
                                                                                                                                                                                 
                                               |      1      2      3      4      5      6      7      8      9     10     11     12 |    Total                                  
                                ---------------+-------------------------------------------------------------------------------------+-----------                                
                                O   1 Cabarrus |   1.11   1.75    .00    .00    .00    .00    .00    .00   1.32   1.19    .92   4.29 |     1.12                                  
                                r   2 Rowan    |    .75   1.33    .00    .00    .00   1.64    .00    .00    .32    .00    .08    .00 |     1.15                                  
                                i   3 Gaston   |    .07    .00    .98    .56    .72    .00    .97    .00    .00    .00   2.24   1.63 |      .99                                  
                                g   4 York     |    .00    .00   1.58   1.05    .00    .00    .00    .42    .00    .00   1.02  31.67 |     1.05                                  
                                i   5 Clevelnd |    .00    .00   2.62    .00   1.11    .00    .16    .00    .00    .00    .02    .00 |     1.14                                  
                                n   6 Iredell  |    .45   3.50    .00    .00    .00    .96    .00    .00    .00    .00   2.32   4.06 |     1.05                                  
                                    7 Lincoln  |    .00    .00    .99    .01    .63   3.65    .78    .00    .00    .00   3.04   8.39 |      .85                                  
                                D   8 Lancastr |    .00    .00    .00    .95    .00    .00    .00    .82    .00   1.60   1.29    .75 |     1.02                                  
                                i   9 Stanly   |   6.01    .86    .00    .00    .00    .00    .00    .00   1.12    .00    .00    .00 |     1.14                                  
                                s  10 Union    |    .27    .00    .00    .00    .00    .00    .00   1.26   2.71   1.29   1.22    .59 |     1.24                                  
                                t  11 Mecklnbg |   2.13    .00   1.47   1.27    .00   6.82   1.71    .88    .04    .89    .97    .76 |      .98                                  
                                r  12 External |    .76    .01    .00    .00    .00    .85    .00    .00    .00    .00   1.95    .53 |     1.00                                  
                                ---------------+-------------------------------------------------------------------------------------+-----------                                
                                      Total    |   1.15          1.02          1.05           .79          1.08          1.01        |     1.03                                  
                                               |          1.35          1.05          1.05           .81          1.25           .78 |                                           
