 Date:  9/26/2013                                                                                                                                                                                                                                 
 Time: 15:29                                                                                                                                                                                                                                    
                                                                                                                                                                                 
                                                                                                                                                                                 
                                                                                                                                                                                 
                                                                                                                                                                                 
                                                                                                                                                                                 
                                                                                                                                                                                 
                                                                                                                                                                                 
                                                                                                                                                                                 
                                                                                                                                                                                 
                                                                                                                                                                                 
                                                                                                                                                                                 
                                                                                                                                                                                 
                                                                                                                                                                                 
                                                                                                                                                                                 
                                                                                                                                                                                 
                                                                            Metrolina Travel Model 2013                                                                          
                                                                          2010 Observed Person Trips: ATW                                                                        
                                                                                                                                                                                 
                                                                                                                                                                                 
                                                                                                                                                                                 
                                                                                                                                                                                 
                                                                               Destination District                                                                              
                                                                                                                                                                                 
                                               |      1      2      3      4      5      6      7      8      9     10     11     12 |    Total                                  
                                ---------------+-------------------------------------------------------------------------------------+-----------                                
                                O   1 Cabarrus |   7447    968      0      0      0      0      0      0      0      0    636    196 |     9247                                  
                                r   2 Rowan    |   1132  13902      0      0      0      0      0      0      0      0      0      0 |    15034                                  
                                i   3 Gaston   |      0      0   9256      0    250      0      0      0      0      0    764      0 |    10270                                  
                                g   4 York     |      0      0      0   3561      0      0      0      0      0      0    393      0 |     3954                                  
                                i   5 Clevelnd |      0      0    188      0   2978      0      0      0      0      0      0      0 |     3166                                  
                                n   6 Iredell  |      0      0      0      0      0   4068    110      0      0      0    769    580 |     5527                                  
                                    7 Lincoln  |      0      0      0      0      0    111   1638      0      0      0    315      0 |     2064                                  
                                D   8 Lancastr |      0      0      0      0      0      0      0      0      0      0    248      0 |      248                                  
                                i   9 Stanly   |      0      0      0      0      0      0      0      0    458      0      0      0 |      458                                  
                                s  10 Union    |      0      0      0      0      0      0      0      0      0   5655    990      0 |     6645                                  
                                t  11 Mecklnbg |    634      0    826    394      0    592      0    249      0    989  75603   8941 |    88228                                  
                                r  12 External |    196      0      0      0      0    580      0      0      0      0   8753   2250 |    11779                                  
                                ---------------+-------------------------------------------------------------------------------------+-----------                                
                                      Total        9409         10270          3228          1748           458         88471        |   156620                                  
                                               |         14870          3955          5351           249          6644         11967 |                                           

 Date:  9/26/2013                                                                                                                                                                                                                                 
 Time: 15:29                                                                                                                                                                                                                                    
                                                                                                                                                                                 
                                                                                                                                                                                 
                                                                                                                                                                                 
                                                                                                                                                                                 
                                                                                                                                                                                 
                                                                                                                                                                                 
                                                                                                                                                                                 
                                                                                                                                                                                 
                                                                                                                                                                                 
                                                                                                                                                                                 
                                                                                                                                                                                 
                                                                                                                                                                                 
                                                                                                                                                                                 
                                                                                                                                                                                 
                                                                                                                                                                                 
                                                                            Metrolina Travel Model 2013                                                                          
                                                                         2010 Estimated Person Trips: ATW                                                                        
                                                                                                                                                                                 
                                                                                                                                                                                 
                                                                                                                                                                                 
                                                                                                                                                                                 
                                                                               Destination District                                                                              
                                                                                                                                                                                 
                                               |      1      2      3      4      5      6      7      8      9     10     11     12 |    Total                                  
                                ---------------+-------------------------------------------------------------------------------------+-----------                                
                                O   1 Cabarrus |   9525    473      0      0      0     10      0      0     67      8   1970    221 |    12274                                  
                                r   2 Rowan    |    573   6548      0      0      0     72      0      0     19      0      4      1 |     7217                                  
                                i   3 Gaston   |      0      0   9649    139    296      0    187      0      0      0    594     12 |    10877                                  
                                g   4 York     |      0      0    140  13276      4      0      0    104      0      8   1018     20 |    14570                                  
                                i   5 Clevelnd |      0      0    328      3   4349      0      4      0      0      0      1      0 |     4685                                  
                                n   6 Iredell  |     11     75      0      0      0   2965      4      0      0      0    310    249 |     3614                                  
                                    7 Lincoln  |      1      0    245      0      9      5   2219      0      0      0     80    102 |     2661                                  
                                D   8 Lancastr |      0      0      0    108      0      0      0    480      0    187    357      1 |     1133                                  
                                i   9 Stanly   |    123     23      0      0      0      0      0      0   3465     10     15      0 |     3636                                  
                                s  10 Union    |      6      0      0      4      0      0      0    185      5   6110   1282    120 |     7712                                  
                                t  11 Mecklnbg |   1654      1    325    809      0    236     51    267      4    923  78941   6054 |    89265                                  
                                r  12 External |    200      0      3     16      0    164     64      0      0     87   6192   1436 |     8162                                  
                                ---------------+-------------------------------------------------------------------------------------+-----------                                
                                      Total       12093         10690          4658          2529          3560         90764        |   165806                                  
                                               |          7120         14355          3452          1036          7333          8216 |                                           

 Date:  9/26/2013                                                                                                                                                                                                                                 
 Time: 15:29                                                                                                                                                                                                                                    
                                                                                                                                                                                 
                                                                                                                                                                                 
                                                                                                                                                                                 
                                                                                                                                                                                 
                                                                                                                                                                                 
                                                                                                                                                                                 
                                                                                                                                                                                 
                                                                                                                                                                                 
                                                                                                                                                                                 
                                                                                                                                                                                 
                                                                                                                                                                                 
                                                                                                                                                                                 
                                                                                                                                                                                 
                                                                                                                                                                                 
                                                                                                                                                                                 
                                                                            Metrolina Travel Model 2013                                                                          
                                                                         2010 Obs - Est Person Trips: ATW                                                                        
                                                                                                                                                                                 
                                                                                                                                                                                 
                                                                                                                                                                                 
                                                                                                                                                                                 
                                                                               Destination District                                                                              
                                                                                                                                                                                 
                                               |      1      2      3      4      5      6      7      8      9     10     11     12 |    Total                                  
                                ---------------+-------------------------------------------------------------------------------------+-----------                                
                                O   1 Cabarrus |   2078   -495      0      0      0     10      0      0     67      8   1334     25 |     3027                                  
                                r   2 Rowan    |   -559  -7354      0      0      0     72      0      0     19      0      4      1 |    -7817                                  
                                i   3 Gaston   |      0      0    393    139     46      0    187      0      0      0   -170     12 |      607                                  
                                g   4 York     |      0      0    140   9715      4      0      0    104      0      8    625     20 |    10616                                  
                                i   5 Clevelnd |      0      0    140      3   1371      0      4      0      0      0      1      0 |     1519                                  
                                n   6 Iredell  |     11     75      0      0      0  -1103   -106      0      0      0   -459   -331 |    -1913                                  
                                    7 Lincoln  |      1      0    245      0      9   -106    581      0      0      0   -235    102 |      597                                  
                                D   8 Lancastr |      0      0      0    108      0      0      0    480      0    187    109      1 |      885                                  
                                i   9 Stanly   |    123     23      0      0      0      0      0      0   3007     10     15      0 |     3178                                  
                                s  10 Union    |      6      0      0      4      0      0      0    185      5    455    292    120 |     1067                                  
                                t  11 Mecklnbg |   1020      1   -501    415      0   -356     51     18      4    -66   3338  -2887 |     1037                                  
                                r  12 External |      4      0      3     16      0   -416     64      0      0     87  -2561   -814 |    -3617                                  
                                ---------------+-------------------------------------------------------------------------------------+-----------                                
                                      Total        2684           420          1430           781          3102          2293        |     9186                                  
                                               |         -7750         10400         -1899           787           689         -3751 |                                           

 Date:  9/26/2013                                                                                                                                                                                                                                 
 Time: 15:29                                                                                                                                                                                                                                    
                                                                                                                                                                                 
                                                                                                                                                                                 
                                                                                                                                                                                 
                                                                                                                                                                                 
                                                                                                                                                                                 
                                                                                                                                                                                 
                                                                                                                                                                                 
                                                                                                                                                                                 
                                                                                                                                                                                 
                                                                                                                                                                                 
                                                                                                                                                                                 
                                                                                                                                                                                 
                                                                                                                                                                                 
                                                                                                                                                                                 
                                                                                                                                                                                 
                                                                            Metrolina Travel Model 2013                                                                          
                                                                         2010 Obs / Est Person Trips: ATW                                                                        
                                                                                                                                                                                 
                                                                                                                                                                                 
                                                                                                                                                                                 
                                                                                                                                                                                 
                                                                               Destination District                                                                              
                                                                                                                                                                                 
                                               |      1      2      3      4      5      6      7      8      9     10     11     12 |    Total                                  
                                ---------------+-------------------------------------------------------------------------------------+-----------                                
                                O   1 Cabarrus |   1.28    .49    .00    .00    .00    .00    .00    .00    .00    .00   3.10   1.13 |     1.33                                  
                                r   2 Rowan    |    .51    .47    .00    .00    .00    .00    .00    .00    .00    .00    .00    .00 |      .48                                  
                                i   3 Gaston   |    .00    .00   1.04    .00   1.18    .00    .00    .00    .00    .00    .78    .00 |     1.06                                  
                                g   4 York     |    .00    .00    .00   3.73    .00    .00    .00    .00    .00    .00   2.59    .00 |     3.68                                  
                                i   5 Clevelnd |    .00    .00   1.74    .00   1.46    .00    .00    .00    .00    .00    .00    .00 |     1.48                                  
                                n   6 Iredell  |    .00    .00    .00    .00    .00    .73    .04    .00    .00    .00    .40    .43 |      .65                                  
                                    7 Lincoln  |    .00    .00    .00    .00    .00    .05   1.35    .00    .00    .00    .25    .00 |     1.29                                  
                                D   8 Lancastr |    .00    .00    .00    .00    .00    .00    .00    .00    .00    .00   1.44    .00 |     4.57                                  
                                i   9 Stanly   |    .00    .00    .00    .00    .00    .00    .00    .00   7.57    .00    .00    .00 |     7.94                                  
                                s  10 Union    |    .00    .00    .00    .00    .00    .00    .00    .00    .00   1.08   1.29    .00 |     1.16                                  
                                t  11 Mecklnbg |   2.61    .00    .39   2.05    .00    .40    .00   1.07    .00    .93   1.04    .68 |     1.01                                  
                                r  12 External |   1.02    .00    .00    .00    .00    .28    .00    .00    .00    .00    .71    .64 |      .69                                  
                                ---------------+-------------------------------------------------------------------------------------+-----------                                
                                      Total    |   1.29          1.04          1.44          1.45          7.77          1.03        |     1.06                                  
                                               |           .48          3.63           .65          4.16          1.10           .69 |                                           

 Date:  9/26/2013                                                                                                                                                                                                                                 
 Time: 15:29                                                                                                                                                                                                                                    
                                                                                                                                                                                 
                                                                                                                                                                                 
                                                                                                                                                                                 
                                                                                                                                                                                 
                                                                                                                                                                                 
                                                                                                                                                                                 
                                                                                                                                                                                 
                                                                                                                                                                                 
                                                                                                                                                                                 
                                                                                                                                                                                 
                                                                                                                                                                                 
                                                                                                                                                                                 
                                                                                                                                                                                 
                                                                                                                                                                                 
                                                                                                                                                                                 
                                                                            Metrolina Travel Model 2013                                                                          
                                                                          2010 Observed Person Trips: NWK                                                                        
                                                                                                                                                                                 
                                                                                                                                                                                 
                                                                                                                                                                                 
                                                                                                                                                                                 
                                                                               Destination District                                                                              
                                                                                                                                                                                 
                                               |      1      2      3      4      5      6      7      8      9     10     11     12 |    Total                                  
                                ---------------+-------------------------------------------------------------------------------------+-----------                                
                                O   1 Cabarrus |  75175   5169     83      0      0    450      0      0   1951      0   7321   1318 |    91467                                  
                                r   2 Rowan    |   4523  43860      0      0      0    319      0      0    138      0   1735    159 |    50734                                  
                                i   3 Gaston   |     83      0 138421    919   2606      0   2300      0    147      0   3699    226 |   148401                                  
                                g   4 York     |      0      0   1423  88887      0      0      0   2524      0    628   6468    185 |   100115                                  
                                i   5 Clevelnd |      0      0   1698      0  21323      0    380      0      0      0      0    188 |    23589                                  
                                n   6 Iredell  |    610    165      0      0      0  39614    154      0      0      0   6764   1054 |    48361                                  
                                    7 Lincoln  |      0      0   3213      0    244    119  38266      0      0      0   1820      0 |    43662                                  
                                D   8 Lancastr |      0    108      0    825      0      0      0   5490      0    158   2176      0 |     8757                                  
                                i   9 Stanly   |   1597      0    683      0      0      0      0      0  27662    939    744      0 |    31625                                  
                                s  10 Union    |    465      0      0      0      0      0      0    523      0  47464  16214    759 |    65425                                  
                                t  11 Mecklnbg |   6492   2495   5329   3129    245   6737   1988   2457   1125  12202 574345  56715 |   673259                                  
                                r  12 External |   2279      0   1251    341    188    972      0      0      0   1591  43996  19710 |    70328                                  
                                ---------------+-------------------------------------------------------------------------------------+-----------                                
                                      Total       91224        152101         24606         43088         31023        665282        |  1355723                                  
                                               |         51797         94101         48211         10994         62982         80314 |                                           

 Date:  9/26/2013                                                                                                                                                                                                                                 
 Time: 15:29                                                                                                                                                                                                                                    
                                                                                                                                                                                 
                                                                                                                                                                                 
                                                                                                                                                                                 
                                                                                                                                                                                 
                                                                                                                                                                                 
                                                                                                                                                                                 
                                                                                                                                                                                 
                                                                                                                                                                                 
                                                                                                                                                                                 
                                                                                                                                                                                 
                                                                                                                                                                                 
                                                                                                                                                                                 
                                                                                                                                                                                 
                                                                                                                                                                                 
                                                                                                                                                                                 
                                                                            Metrolina Travel Model 2013                                                                          
                                                                         2010 Estimated Person Trips: NWK                                                                        
                                                                                                                                                                                 
                                                                                                                                                                                 
                                                                                                                                                                                 
                                                                                                                                                                                 
                                                                               Destination District                                                                              
                                                                                                                                                                                 
                                               |      1      2      3      4      5      6      7      8      9     10     11     12 |    Total                                  
                                ---------------+-------------------------------------------------------------------------------------+-----------                                
                                O   1 Cabarrus | 104587   7294     27      4      0    637     17      0   1130    443  20081   2249 |   136469                                  
                                r   2 Rowan    |   8827  66491      0      0      0   1581      0      0    339      0    245     43 |    77526                                  
                                i   3 Gaston   |     24      0 104566   2097   4291      4   3087      6      0      5   9413    313 |   123806                                  
                                g   4 York     |      0      0   2325 120678    243      0      0   1338      0    377  12873    306 |   138140                                  
                                i   5 Clevelnd |      0      0   4947    245  42142      0    355      0      0      0     21      0 |    47710                                  
                                n   6 Iredell  |    860   1606      8      0      0  30776    197      0      0      0   3666   2210 |    39323                                  
                                    7 Lincoln  |     22      0   4032      4    419    258  28038      0      0      0   1663    867 |    35303                                  
                                D   8 Lancastr |      1      0      3   1289      0      0      0   4694      0   1674   3114     33 |    10808                                  
                                i   9 Stanly   |   1991    485      0      0      0      0      0      0  33273    969    236      6 |    36960                                  
                                s  10 Union    |    487      1      4    372      0      0      0   1695    773  78318  18562   1373 |   101585                                  
                                t  11 Mecklnbg |  18430    160   6974  10875      9   3003   1082   2732    108  15326 543913  35572 |   638184                                  
                                r  12 External |   2164     32    245    240      0   1718    631     30      0   1116  36289  12073 |    54538                                  
                                ---------------+-------------------------------------------------------------------------------------+-----------                                
                                      Total      137393        123131         47104         33407         35623        650076        |  1440352                                  
                                               |         76069        135804         37977         10495         98228         55045 |                                           

 Date:  9/26/2013                                                                                                                                                                                                                                 
 Time: 15:29                                                                                                                                                                                                                                    
                                                                                                                                                                                 
                                                                                                                                                                                 
                                                                                                                                                                                 
                                                                                                                                                                                 
                                                                                                                                                                                 
                                                                                                                                                                                 
                                                                                                                                                                                 
                                                                                                                                                                                 
                                                                                                                                                                                 
                                                                                                                                                                                 
                                                                                                                                                                                 
                                                                                                                                                                                 
                                                                                                                                                                                 
                                                                                                                                                                                 
                                                                                                                                                                                 
                                                                            Metrolina Travel Model 2013                                                                          
                                                                         2010 Obs - Est Person Trips: NWK                                                                        
                                                                                                                                                                                 
                                                                                                                                                                                 
                                                                                                                                                                                 
                                                                                                                                                                                 
                                                                               Destination District                                                                              
                                                                                                                                                                                 
                                               |      1      2      3      4      5      6      7      8      9     10     11     12 |    Total                                  
                                ---------------+-------------------------------------------------------------------------------------+-----------                                
                                O   1 Cabarrus |  29412   2125    -56      4      0    187     17      0   -821    443  12760    931 |    45002                                  
                                r   2 Rowan    |   4304  22631      0      0      0   1262      0      0    201      0  -1490   -116 |    26792                                  
                                i   3 Gaston   |    -59      0 -33855   1178   1685      4    787      6   -147      5   5714     87 |   -24595                                  
                                g   4 York     |      0      0    902  31791    243      0      0  -1186      0   -251   6405    121 |    38025                                  
                                i   5 Clevelnd |      0      0   3249    245  20819      0    -25      0      0      0     21   -188 |    24121                                  
                                n   6 Iredell  |    250   1441      8      0      0  -8838     43      0      0      0  -3098   1156 |    -9038                                  
                                    7 Lincoln  |     22      0    819      4    175    139 -10228      0      0      0   -157    867 |    -8359                                  
                                D   8 Lancastr |      1   -108      3    464      0      0      0   -796      0   1516    938     33 |     2051                                  
                                i   9 Stanly   |    394    485   -683      0      0      0      0      0   5611     30   -508      6 |     5335                                  
                                s  10 Union    |     22      1      4    372      0      0      0   1172    773  30854   2348    614 |    36160                                  
                                t  11 Mecklnbg |  11938  -2335   1645   7746   -236  -3734   -906    275  -1017   3124 -30432 -21143 |   -35075                                  
                                r  12 External |   -115     32  -1006   -101   -188    746    631     30      0   -475  -7707  -7637 |   -15790                                  
                                ---------------+-------------------------------------------------------------------------------------+-----------                                
                                      Total       46169        -28970         22498         -9681          4600        -15206        |    84629                                  
                                               |         24272         41703        -10234          -499         35246        -25269 |                                           

 Date:  9/26/2013                                                                                                                                                                                                                                 
 Time: 15:29                                                                                                                                                                                                                                    
                                                                                                                                                                                 
                                                                                                                                                                                 
                                                                                                                                                                                 
                                                                                                                                                                                 
                                                                                                                                                                                 
                                                                                                                                                                                 
                                                                                                                                                                                 
                                                                                                                                                                                 
                                                                                                                                                                                 
                                                                                                                                                                                 
                                                                                                                                                                                 
                                                                                                                                                                                 
                                                                                                                                                                                 
                                                                                                                                                                                 
                                                                                                                                                                                 
                                                                            Metrolina Travel Model 2013                                                                          
                                                                         2010 Obs / Est Person Trips: NWK                                                                        
                                                                                                                                                                                 
                                                                                                                                                                                 
                                                                                                                                                                                 
                                                                                                                                                                                 
                                                                               Destination District                                                                              
                                                                                                                                                                                 
                                               |      1      2      3      4      5      6      7      8      9     10     11     12 |    Total                                  
                                ---------------+-------------------------------------------------------------------------------------+-----------                                
                                O   1 Cabarrus |   1.39   1.41    .33    .00    .00   1.42    .00    .00    .58    .00   2.74   1.71 |     1.49                                  
                                r   2 Rowan    |   1.95   1.52    .00    .00    .00   4.96    .00    .00   2.46    .00    .14    .27 |     1.53                                  
                                i   3 Gaston   |    .29    .00    .76   2.28   1.65    .00   1.34    .00    .00    .00   2.54   1.38 |      .83                                  
                                g   4 York     |    .00    .00   1.63   1.36    .00    .00    .00    .53    .00    .60   1.99   1.65 |     1.38                                  
                                i   5 Clevelnd |    .00    .00   2.91    .00   1.98    .00    .93    .00    .00    .00    .00    .00 |     2.02                                  
                                n   6 Iredell  |   1.41   9.73    .00    .00    .00    .78   1.28    .00    .00    .00    .54   2.10 |      .81                                  
                                    7 Lincoln  |    .00    .00   1.25    .00   1.72   2.17    .73    .00    .00    .00    .91    .00 |      .81                                  
                                D   8 Lancastr |    .00    .00    .00   1.56    .00    .00    .00    .86    .00  10.59   1.43    .00 |     1.23                                  
                                i   9 Stanly   |   1.25    .00    .00    .00    .00    .00    .00    .00   1.20   1.03    .32    .00 |     1.17                                  
                                s  10 Union    |   1.05    .00    .00    .00    .00    .00    .00   3.24    .00   1.65   1.14   1.81 |     1.55                                  
                                t  11 Mecklnbg |   2.84    .06   1.31   3.48    .04    .45    .54   1.11    .10   1.26    .95    .63 |      .95                                  
                                r  12 External |    .95    .00    .20    .70    .00   1.77    .00    .00    .00    .70    .82    .61 |      .78                                  
                                ---------------+-------------------------------------------------------------------------------------+-----------                                
                                      Total    |   1.51           .81          1.91           .78          1.15           .98        |     1.06                                  
                                               |          1.47          1.44           .79           .95          1.56           .69 |                                           
