       1    748264
       2    510944
       3    362396
       4    261064
       5    189675
       6    138552
       7    101585
       8     74684
       9     55021
      10     40602
      11     30001
      12     22192
      13     16431
      14     12175
      15      9028
      16      6698
      17      4972
      18      3692
      19      2743
      20      2039
      21      1516
      22      1127
      23       839
      24       624
      25       464
      26       346
      27       257
      28       192
      29       143
      30       106
      31        79
      32        59
      33        44
      34        33
      35        24
      36        18
      37        14
      38        10
      39         8
      40         6
      41         4
      42         3
      43         2
      44         2
      45         1
      46         1
      47         1
      48         1
      49         0
      50         0
      51         0
      52         0
      53         0
      54         0
      55         0
      56         0
      57         0
      58         0
      59         0
      60         0
      61         0
      62         0
      63         0
      64         0
      65         0
      66         0
      67         0
      68         0
      69         0
      70         0
      71         0
      72         0
      73         0
      74         0
      75         0
      76         0
      77         0
      78         0
      79         0
      80         0
      81         0
      82         0
      83         0
      84         0
      85         0
      86         0
      87         0
      88         0
      89         0
      90         0
      91         0
      92         0
      93         0
      94         0
      95         0
      96         0
      97         0
      98         0
      99         0
     100         0
