           1      786628
           2      567427
           3      424295
           4      321973
           5      246306
           6      189386
           7      146133
           8      113049
           9       87628
          10       68029
          11       52880
          12       41147
          13       32045
          14       24975
          15       19477
          16       15198
          17       11865
          18        9267
          19        7241
          20        5659
          21        4425
          22        3460
          23        2707
          24        2118
          25        1658
          26        1298
          27        1016
          28         796
          29         623
          30         488
          31         382
          32         300
          33         235
          34         184
          35         144
          36         113
          37          89
          38          69
          39          54
          40          43
          41          33
          42          26
          43          21
          44          16
          45          13
          46          10
          47           8
          48           6
          49           5
          50           4
          51           3
          52           2
          53           2
          54           1
          55           1
          56           1
          57           1
          58           1
          59           0
          60           0
          61           0
          62           0
          63           0
          64           0
          65           0
          66           0
          67           0
          68           0
          69           0
          70           0
          71           0
          72           0
          73           0
          74           0
          75           0
          76           0
          77           0
          78           0
          79           0
          80           0
          81           0
          82           0
          83           0
          84           0
          85           0
          86           0
          87           0
          88           0
          89           0
          90           0
          91           0
          92           0
          93           0
          94           0
          95           0
          96           0
          97           0
          98           0
          99           0
         100           0
