       1    763379
       2    532091
       3    385144
       4    283121
       5    209893
       6    156441
       7    117033
       8     87789
       9     65988
      10     49683
      11     37455
      12     28268
      13     21354
      14     16143
      15     12212
      16      9244
      17      7001
      18      5304
      19      4021
      20      3049
      21      2312
      22      1755
      23      1332
      24      1011
      25       768
      26       583
      27       443
      28       336
      29       256
      30       194
      31       148
      32       112
      33        85
      34        65
      35        49
      36        38
      37        29
      38        22
      39        17
      40        13
      41        10
      42         7
      43         6
      44         4
      45         3
      46         2
      47         2
      48         1
      49         1
      50         1
      51         1
      52         0
      53         0
      54         0
      55         0
      56         0
      57         0
      58         0
      59         0
      60         0
      61         0
      62         0
      63         0
      64         0
      65         0
      66         0
      67         0
      68         0
      69         0
      70         0
      71         0
      72         0
      73         0
      74         0
      75         0
      76         0
      77         0
      78         0
      79         0
      80         0
      81         0
      82         0
      83         0
      84         0
      85         0
      86         0
      87         0
      88         0
      89         0
      90         0
      91         0
      92         0
      93         0
      94         0
      95         0
      96         0
      97         0
      98         0
      99         0
     100         0
