           1      891366
           2      738249
           3      630367
           4      545012
           5      474449
           6      414813
           7      363758
           8      319684
           9      281420
          10      248063
          11      218892
          12      193322
          13      170864
          14      151111
          15      133714
          16      118375
          17      104840
          18       92886
          19       82323
          20       72982
          21       64718
          22       57403
          23       50927
          24       45190
          25       40107
          26       35602
          27       31608
          28       28066
          29       24924
          30       22137
          31       19663
          32       17468
          33       15520
          34       13790
          35       12254
          36       10891
          37        9679
          38        8604
          39        7648
          40        6799
          41        6044
          42        5374
          43        4778
          44        4249
          45        3778
          46        3360
          47        2988
          48        2658
          49        2364
          50        2102
          51        1870
          52        1663
          53        1480
          54        1316
          55        1171
          56        1042
          57         927
          58         825
          59         734
          60         653
          61         581
          62         517
          63         460
          64         409
          65         364
          66         324
          67         289
          68         257
          69         229
          70         203
          71         181
          72         161
          73         143
          74         128
          75         114
          76         101
          77          90
          78          80
          79          71
          80          63
          81          57
          82          50
          83          45
          84          40
          85          36
          86          32
          87          28
          88          25
          89          22
          90          20
          91          18
          92          16
          93          14
          94          12
          95          11
          96          10
          97           9
          98           8
          99           7
         100           6
