       1      904837
       2      761946
       3      661050
       4      580562
       5      513298
       6      455752
       7      405842
       8      362171
       9      323728
      10      289738
      11      259587
      12      232775
      13      208882
      14      187557
      15      168499
      16      151447
      17      136176
      18      122489
      19      110213
      20       99196
      21       89303
      22       80416
      23       72429
      24       65248
      25       58789
      26       52979
      27       47750
      28       43043
      29       38806
      30       34990
      31       31552
      32       28456
      33       25666
      34       23152
      35       20886
      36       18843
      37       17002
      38       15341
      39       13844
      40       12494
      41       11276
      42       10177
      43        9186
      44        8292
      45        7486
      46        6758
      47        6101
      48        5509
      49        4974
      50        4491
      51        4055
      52        3662
      53        3307
      54        2986
      55        2697
      56        2436
      57        2200
      58        1987
      59        1795
      60        1621
      61        1464
      62        1323
      63        1195
      64        1079
      65         975
      66         881
      67         796
      68         719
      69         650
      70         587
      71         530
      72         479
      73         433
      74         391
      75         353
      76         319
      77         289
      78         261
      79         236
      80         213
      81         192
      82         174
      83         157
      84         142
      85         128
      86         116
      87         105
      88          95
      89          86
      90          77
      91          70
      92          63
      93          57
      94          52
      95          47
      96          42
      97          38
      98          34
      99          31
     100          28
