           1      932394
           2      811140
           3      726250
           4      657948
           5      599929
           6      549264
           7      504296
           8      463966
           9      427534
          10      394452
          11      364296
          12      336724
          13      311457
          14      288256
          15      266920
          16      247274
          17      229163
          18      212452
          19      197021
          20      182762
          21      169576
          22      157378
          23      146088
          24      135633
          25      125948
          26      116973
          27      108654
          28      100941
          29       93787
          30       87150
          31       80993
          32       75278
          33       69973
          34       65048
          35       60474
          36       56227
          37       52283
          38       48618
          39       45214
          40       42050
          41       39111
          42       36379
          43       33840
          44       31479
          45       29285
          46       27246
          47       25349
          48       23586
          49       21946
          50       20421
          51       19003
          52       17683
          53       16457
          54       15315
          55       14254
          56       13266
          57       12347
          58       11493
          59       10697
          60        9957
          61        9269
          62        8628
          63        8032
          64        7477
          65        6961
          66        6480
          67        6033
          68        5617
          69        5230
          70        4869
          71        4533
          72        4221
          73        3930
          74        3660
          75        3408
          76        3173
          77        2955
          78        2751
          79        2562
          80        2386
          81        2222
          82        2069
          83        1927
          84        1794
          85        1671
          86        1556
          87        1449
          88        1350
          89        1257
          90        1171
          91        1091
          92        1016
          93         946
          94         881
          95         821
          96         764
          97         712
          98         663
          99         618
         100         575
