           1      918512
           2      785913
           3      692541
           4      617660
           5      554524
           6      499925
           7      452003
           8      409537
           9      371660
          10      337714
          11      307185
          12      279653
          13      254770
          14      232242
          15      211817
          16      193276
          17      176429
          18      161107
          19      147163
          20      134463
          21      122891
          22      112341
          23      102719
          24       93939
          25       85924
          26       78606
          27       71923
          28       65817
          29       60237
          30       55137
          31       50474
          32       46211
          33       42312
          34       38745
          35       35483
          36       32497
          37       29766
          38       27266
          39       24977
          40       22883
          41       20965
          42       19209
          43       17602
          44       16129
          45       14781
          46       13546
          47       12415
          48       11379
          49       10429
          50        9560
          51        8763
          52        8033
          53        7364
          54        6751
          55        6189
          56        5674
          57        5203
          58        4770
          59        4374
          60        4010
          61        3677
          62        3372
          63        3092
          64        2836
          65        2601
          66        2385
          67        2187
          68        2006
          69        1840
          70        1687
          71        1548
          72        1419
          73        1302
          74        1194
          75        1095
          76        1005
          77         922
          78         845
          79         776
          80         711
          81         653
          82         599
          83         549
          84         504
          85         462
          86         424
          87         389
          88         357
          89         327
          90         300
          91         276
          92         253
          93         232
          94         213
          95         195
          96         179
          97         164
          98         151
          99         138
         100         127
