           1      949329
           2      840290
           3      765704
           4      706088
           5      655371
           6      610811
           7      570902
           8      534714
           9      501616
          10      471158
          11      442999
          12      416872
          13      392562
          14      369892
          15      348711
          16      328890
          17      310319
          18      292899
          19      276543
          20      261174
          21      246721
          22      233122
          23      220318
          24      208257
          25      196891
          26      186175
          27      176069
          28      166535
          29      157537
          30      149043
          31      141023
          32      133449
          33      126293
          34      119533
          35      113144
          36      107106
          37      101398
          38       96001
          39       90898
          40       86072
          41       81507
          42       77189
          43       73103
          44       69238
          45       65581
          46       62120
          47       58844
          48       55744
          49       52809
          50       50031
          51       47401
          52       44911
          53       42553
          54       40321
          55       38207
          56       36205
          57       34309
          58       32513
          59       30813
          60       29202
          61       27676
          62       26230
          63       24861
          64       23564
          65       22335
          66       21170
          67       20067
          68       19022
          69       18031
          70       17093
          71       16203
          72       15361
          73       14562
          74       13805
          75       13088
          76       12408
          77       11764
          78       11153
          79       10574
          80       10026
          81        9506
          82        9013
          83        8546
          84        8103
          85        7683
          86        7285
          87        6908
          88        6551
          89        6212
          90        5890
          91        5585
          92        5297
          93        5023
          94        4763
          95        4517
          96        4283
          97        4062
          98        3852
          99        3653
         100        3465
