           1      913931
           2      777931
           3      682005
           4      605177
           5      540572
           6      484889
           7      436202
           8      393234
           9      355072
          10      321022
          11      290537
          12      263171
          13      238553
          14      216370
          15      196352
          16      178268
          17      161914
          18      147113
          19      133708
          20      121558
          21      110541
          22      100546
          23       91474
          24       83237
          25       75755
          26       68956
          27       62778
          28       57161
          29       52053
          30       47408
          31       43182
          32       39337
          33       35838
          34       32653
          35       29754
          36       27115
          37       24712
          38       22523
          39       20530
          40       18714
          41       17060
          42       15553
          43       14180
          44       12929
          45       11789
          46       10750
          47        9803
          48        8940
          49        8154
          50        7436
          51        6783
          52        6186
          53        5643
          54        5147
          55        4695
          56        4283
          57        3908
          58        3565
          59        3252
          60        2967
          61        2707
          62        2470
          63        2254
          64        2057
          65        1877
          66        1712
          67        1563
          68        1426
          69        1301
          70        1188
          71        1084
          72         989
          73         903
          74         824
          75         752
          76         686
          77         626
          78         572
          79         522
          80         476
          81         435
          82         397
          83         362
          84         331
          85         302
          86         275
          87         251
          88         230
          89         210
          90         191
          91         175
          92         159
          93         146
          94         133
          95         121
          96         111
          97         101
          98          92
          99          84
         100          77
