SEGMENT	MODE	INCOME1	INCOME2	INCOME3	INCOME4
1	AUTO	0.000000	0.000000	0.000000	0.000000
1	TRANSIT	-1.218142	-1.598003	-2.481284	-3.806214
1	WALKBIKE	0.412151	0.259129	-0.304616	-0.473570
1	SOV	0.000000	0.000000	0.000000	0.000000
1	HOV	-0.270172	0.053313	-0.042007	-0.198540
1	POOL2	0.000000	0.000000	0.000000	0.000000
1	POOL3	-1.154426	-0.732399	-0.983247	-0.781974
1	WALKTRAN	0.000000	0.000000	0.000000	0.000000
1	DRIVETRAN	-1.176675	-1.558279	-1.608753	-0.613632
1	DROPTRAN	-2.928375	-3.137080	-4.492472	-3.610703
1	WALKPREM	0.000000	0.000000	0.000000	0.000000
1	WALKBUS	1.898259	1.490006	-0.407811	-2.771732
1	DRIVEPREM	0.000000	0.000000	0.000000	0.000000
1	DRIVEBUS	-0.890544	-6.000000	-0.691922	-5.149807
1	DROPPREM	0.000000	0.000000	0.000000	0.000000
1	DROPBUS	-3.225121	-5.261156	-6.000000	-6.000000
1	WALK	0.000000	0.000000	0.000000	0.000000
1	BIKE	-4.893513	-5.911135	-5.377517	-3.694730
2	AUTO	0.000000	0.000000	0.000000	0.000000
2	TRANSIT	1.155269	0.527762	-2.072702	-2.764140
2	WALKBIKE	1.378323	-0.919653	-1.455538	0.645931
2	SOV	0.000000	0.000000	0.000000	0.000000
2	HOV	-0.608636	-0.120191	-0.139551	-0.279828
2	POOL2	0.000000	0.000000	0.000000	0.000000
2	POOL3	-1.459324	-0.884787	-1.068702	-0.852734
2	WALKTRAN	0.000000	0.000000	0.000000	0.000000
2	DRIVETRAN	-3.020930	-2.489424	1.550986	1.741892
2	DROPTRAN	-6.000000	-5.228649	-4.874592	-5.411854
2	WALKPREM	0.000000	0.000000	0.000000	0.000000
2	WALKBUS	-4.502783	-6.000000	-5.129359	-6.000000
2	DRIVEPREM	0.000000	0.000000	0.000000	0.000000
2	DRIVEBUS	0.475427	-6.000000	-6.000000	-6.000000
2	DROPPREM	0.000000	0.000000	0.000000	0.000000
2	DROPBUS	-2.482920	-6.000000	-2.967580	-2.724252
2	WALK	0.000000	0.000000	0.000000	0.000000
2	BIKE	-6.000000	-5.124946	-4.579218	-5.103258
1	AUTO	0.000000	0.000000	0.000000	0.000000
1	TRANSIT	-1.247586	-1.623546	-2.475760	-3.816479
1	WALKBIKE	0.404268	0.255917	-0.305067	-0.473618
1	SOV	0.000000	0.000000	0.000000	0.000000
1	HOV	-0.270141	0.053321	-0.042006	-0.198540
1	POOL2	0.000000	0.000000	0.000000	0.000000
1	POOL3	-1.154378	-0.732388	-0.983246	-0.781974
1	WALKTRAN	0.000000	0.000000	0.000000	0.000000
1	DRIVETRAN	-1.041724	-1.475655	-1.572250	-0.556659
1	DROPTRAN	-2.771122	-2.991751	-4.488436	-3.581728
1	WALKPREM	0.000000	0.000000	0.000000	0.000000
1	WALKBUS	1.896320	1.537336	-0.449915	-2.797118
1	DRIVEPREM	0.000000	0.000000	0.000000	0.000000
1	DRIVEBUS	-1.174151	-6.000000	-0.793687	-5.277415
1	DROPPREM	0.000000	0.000000	0.000000	0.000000
1	DROPBUS	-3.597978	-5.619452	-6.000000	-6.000000
1	WALK	0.000000	0.000000	0.000000	0.000000
1	BIKE	-4.892673	-5.910454	-5.377388	-3.694717
2	AUTO	0.000000	0.000000	0.000000	0.000000
2	TRANSIT	1.135899	0.472171	-2.011033	-2.930397
2	WALKBIKE	1.344348	-0.936217	-1.455811	0.644436
2	SOV	0.000000	0.000000	0.000000	0.000000
2	HOV	-0.608854	-0.120100	-0.139546	-0.279828
2	POOL2	0.000000	0.000000	0.000000	0.000000
2	POOL3	-1.459725	-0.884722	-1.068698	-0.852734
2	WALKTRAN	0.000000	0.000000	0.000000	0.000000
2	DRIVETRAN	-2.992248	-2.413727	1.462292	2.024210
2	DROPTRAN	-6.000000	-5.166828	-4.902080	-5.124174
2	WALKPREM	0.000000	0.000000	0.000000	0.000000
2	WALKBUS	-4.662967	-6.000000	-5.430431	-6.000000
2	DRIVEPREM	0.000000	0.000000	0.000000	0.000000
2	DRIVEBUS	0.216493	-6.000000	-6.000000	-6.000000
2	DROPPREM	0.000000	0.000000	0.000000	0.000000
2	DROPBUS	-2.981536	-6.000000	-3.208607	-2.904159
2	WALK	0.000000	0.000000	0.000000	0.000000
2	BIKE	-6.000000	-5.123286	-4.579005	-5.103631
1	AUTO	0.000000	0.000000	0.000000	0.000000
1	TRANSIT	-1.247977	-1.634135	-2.467430	-3.814426
1	WALKBIKE	0.403752	0.255804	-0.305079	-0.473624
1	SOV	0.000000	0.000000	0.000000	0.000000
1	HOV	-0.270124	0.053325	-0.042005	-0.198540
1	POOL2	0.000000	0.000000	0.000000	0.000000
1	POOL3	-1.154364	-0.732386	-0.983245	-0.781974
1	WALKTRAN	0.000000	0.000000	0.000000	0.000000
1	DRIVETRAN	-0.970630	-1.459942	-1.558900	-0.544734
1	DROPTRAN	-2.674097	-2.923008	-4.499826	-3.583972
1	WALKPREM	0.000000	0.000000	0.000000	0.000000
1	WALKBUS	1.894317	1.578017	-0.485481	-2.818227
1	DRIVEPREM	0.000000	0.000000	0.000000	0.000000
1	DRIVEBUS	-1.378150	-6.000000	-0.869348	-5.347490
1	DROPPREM	0.000000	0.000000	0.000000	0.000000
1	DROPBUS	-3.868543	-5.821186	-6.000000	-6.000000
1	WALK	0.000000	0.000000	0.000000	0.000000
1	BIKE	-4.892293	-5.910365	-5.377374	-3.694712
2	AUTO	0.000000	0.000000	0.000000	0.000000
2	TRANSIT	1.165927	0.465769	-1.956697	-3.005312
2	WALKBIKE	1.328325	-0.938660	-1.455670	0.643268
2	SOV	0.000000	0.000000	0.000000	0.000000
2	HOV	-0.608938	-0.120075	-0.139544	-0.279824
2	POOL2	0.000000	0.000000	0.000000	0.000000
2	POOL3	-1.459755	-0.884714	-1.068698	-0.852730
2	WALKTRAN	0.000000	0.000000	0.000000	0.000000
2	DRIVETRAN	-3.000789	-2.406440	1.382151	2.149738
2	DROPTRAN	-6.000000	-5.160931	-4.942374	-4.982322
2	WALKPREM	0.000000	0.000000	0.000000	0.000000
2	WALKBUS	-4.811658	-6.000000	-5.661334	-6.000000
2	DRIVEPREM	0.000000	0.000000	0.000000	0.000000
2	DRIVEBUS	0.049797	-6.000000	-6.000000	-6.000000
2	DROPPREM	0.000000	0.000000	0.000000	0.000000
2	DROPBUS	-3.314901	-6.000000	-3.368382	-3.027609
2	WALK	0.000000	0.000000	0.000000	0.000000
2	BIKE	-6.000000	-5.122778	-4.579054	-5.103202
1	AUTO	0.000000	0.000000	0.000000	0.000000
1	TRANSIT	-1.247714	-1.643056	-2.460286	-3.811261
1	WALKBIKE	0.403721	0.255805	-0.305081	-0.473626
1	SOV	0.000000	0.000000	0.000000	0.000000
1	HOV	-0.270119	0.053325	-0.042005	-0.198540
1	POOL2	0.000000	0.000000	0.000000	0.000000
1	POOL3	-1.154362	-0.732386	-0.983245	-0.781974
1	WALKTRAN	0.000000	0.000000	0.000000	0.000000
1	DRIVETRAN	-0.922339	-1.447745	-1.551019	-0.542493
1	DROPTRAN	-2.608024	-2.882504	-4.509808	-3.588690
1	WALKPREM	0.000000	0.000000	0.000000	0.000000
1	WALKBUS	1.892162	1.613017	-0.515480	-2.835386
1	DRIVEPREM	0.000000	0.000000	0.000000	0.000000
1	DRIVEBUS	-1.522612	-6.000000	-0.925561	-5.385704
1	DROPPREM	0.000000	0.000000	0.000000	0.000000
1	DROPBUS	-4.059731	-5.930560	-6.000000	-6.000000
1	WALK	0.000000	0.000000	0.000000	0.000000
1	BIKE	-4.892263	-5.910371	-5.377371	-3.694710
2	AUTO	0.000000	0.000000	0.000000	0.000000
2	TRANSIT	1.203239	0.465049	-1.913062	-3.041574
2	WALKBIKE	1.323223	-0.938940	-1.455491	0.642708
2	SOV	0.000000	0.000000	0.000000	0.000000
2	HOV	-0.608953	-0.120067	-0.139544	-0.279821
2	POOL2	0.000000	0.000000	0.000000	0.000000
2	POOL3	-1.459742	-0.884713	-1.068698	-0.852728
2	WALKTRAN	0.000000	0.000000	0.000000	0.000000
2	DRIVETRAN	-3.029289	-2.405652	1.316948	2.209904
2	DROPTRAN	-6.000000	-5.160280	-4.982215	-4.907547
2	WALKPREM	0.000000	0.000000	0.000000	0.000000
2	WALKBUS	-4.954944	-6.000000	-5.835582	-6.000000
2	DRIVEPREM	0.000000	0.000000	0.000000	0.000000
2	DRIVEBUS	-0.058018	-6.000000	-6.000000	-6.000000
2	DROPPREM	0.000000	0.000000	0.000000	0.000000
2	DROPBUS	-3.529899	-6.000000	-3.472637	-3.109038
2	WALK	0.000000	0.000000	0.000000	0.000000
2	BIKE	-6.000000	-5.122712	-4.579114	-5.102970
1	AUTO	0.000000	0.000000	0.000000	0.000000
1	TRANSIT	-1.247339	-1.650728	-2.454261	-3.808408
1	WALKBIKE	0.403715	0.255808	-0.305083	-0.473626
1	SOV	0.000000	0.000000	0.000000	0.000000
1	HOV	-0.270118	0.053326	-0.042005	-0.198540
1	POOL2	0.000000	0.000000	0.000000	0.000000
1	POOL3	-1.154362	-0.732386	-0.983245	-0.781974
1	WALKTRAN	0.000000	0.000000	0.000000	0.000000
1	DRIVETRAN	-0.889443	-1.437348	-1.546396	-0.543150
1	DROPTRAN	-2.563567	-2.857377	-4.518275	-3.593034
1	WALKPREM	0.000000	0.000000	0.000000	0.000000
1	WALKBUS	1.889969	1.643191	-0.540746	-2.849210
1	DRIVEPREM	0.000000	0.000000	0.000000	0.000000
1	DRIVEBUS	-1.623526	-6.000000	-0.967296	-5.406676
1	DROPPREM	0.000000	0.000000	0.000000	0.000000
1	DROPBUS	-4.192010	-5.987684	-6.000000	-6.000000
1	WALK	0.000000	0.000000	0.000000	0.000000
1	BIKE	-4.892260	-5.910380	-5.377369	-3.694710
2	AUTO	0.000000	0.000000	0.000000	0.000000
2	TRANSIT	1.241843	0.464970	-1.879569	-3.059625
2	WALKBIKE	1.321784	-0.938971	-1.455328	0.642444
2	SOV	0.000000	0.000000	0.000000	0.000000
2	HOV	-0.608957	-0.120065	-0.139544	-0.279820
2	POOL2	0.000000	0.000000	0.000000	0.000000
2	POOL3	-1.459737	-0.884713	-1.068698	-0.852727
2	WALKTRAN	0.000000	0.000000	0.000000	0.000000
2	DRIVETRAN	-3.068381	-2.405565	1.266592	2.239728
2	DROPTRAN	-6.000000	-5.160208	-5.016722	-4.866924
2	WALKPREM	0.000000	0.000000	0.000000	0.000000
2	WALKBUS	-5.093818	-6.000000	-5.965546	-6.000000
2	DRIVEPREM	0.000000	0.000000	0.000000	0.000000
2	DRIVEBUS	-0.128617	-6.000000	-6.000000	-6.000000
2	DROPPREM	0.000000	0.000000	0.000000	0.000000
2	DROPBUS	-3.665442	-6.000000	-3.540192	-3.161408
2	WALK	0.000000	0.000000	0.000000	0.000000
2	BIKE	-6.000000	-5.122704	-4.579167	-5.102860
