SEGMENT	MODE	INCOME1	INCOME2	INCOME3	INCOME4
1	AUTO	0.000000	0.000000	0.000000	0.000000
1	TRANSIT	0.628172	0.131834	-1.680250	-2.752967
1	WALKBIKE	0.400580	0.300979	0.280458	-1.928427
1	SOV	0.000000	0.000000	0.000000	0.000000
1	HOV	-1.849893	-1.928763	-1.954157	-2.766489
1	POOL2	0.000000	0.000000	0.000000	0.000000
1	POOL3	-1.494327	-2.140300	-1.789206	-1.448737
1	WALKTRAN	0.000000	0.000000	0.000000	0.000000
1	DRIVETRAN	-2.596358	-1.456074	0.121636	-1.553621
1	DROPTRAN	-3.999152	-2.947916	-1.681621	-4.223854
1	WALKPREM	0.000000	0.000000	0.000000	0.000000
1	WALKBUS	0.815456	1.912689	2.065925	0.143926
1	DRIVEPREM	0.000000	0.000000	0.000000	0.000000
1	DRIVEBUS	-4.641842	-2.099538	-2.841213	3.857326
1	DROPPREM	0.000000	0.000000	0.000000	0.000000
1	DROPBUS	-0.830305	-2.948026	-4.538079	3.658098
1	WALK	0.000000	0.000000	0.000000	0.000000
1	BIKE	-2.244007	-3.603389	-4.894018	-3.769213
2	AUTO	0.000000	0.000000	0.000000	0.000000
2	TRANSIT	2.784879	1.525784	1.275132	-1.387502
2	WALKBIKE	0.428901	-0.374645	-0.289094	0.174590
2	SOV	0.000000	0.000000	0.000000	0.000000
2	HOV	-2.630487	-2.280571	-2.150597	-2.933410
2	POOL2	0.000000	0.000000	0.000000	0.000000
2	POOL3	-2.224934	-2.434872	-1.964805	-1.589050
2	WALKTRAN	0.000000	0.000000	0.000000	0.000000
2	DRIVETRAN	-1.550052	-1.848122	0.406344	-1.454226
2	DROPTRAN	-6.000000	-3.623793	-6.000000	-4.391909
2	WALKPREM	0.000000	0.000000	0.000000	0.000000
2	WALKBUS	-6.000000	-6.000000	-6.000000	-3.519649
2	DRIVEPREM	0.000000	0.000000	0.000000	0.000000
2	DRIVEBUS	-6.000000	-6.000000	-6.000000	0.606147
2	DROPPREM	0.000000	0.000000	0.000000	0.000000
2	DROPBUS	0.131447	-5.294907	1.230591	1.435262
2	WALK	0.000000	0.000000	0.000000	0.000000
2	BIKE	-2.330336	-3.299722	-4.357965	-6.000000
1	AUTO	0.000000	0.000000	0.000000	0.000000
1	TRANSIT	0.554911	0.106736	-1.691389	-2.844017
1	WALKBIKE	0.380069	0.291102	0.278469	-1.928878
1	SOV	0.000000	0.000000	0.000000	0.000000
1	HOV	-1.848913	-1.928586	-1.954138	-2.766487
1	POOL2	0.000000	0.000000	0.000000	0.000000
1	POOL3	-1.493532	-2.140133	-1.789190	-1.448736
1	WALKTRAN	0.000000	0.000000	0.000000	0.000000
1	DRIVETRAN	-2.461387	-1.405570	0.159264	-1.410568
1	DROPTRAN	-3.873915	-2.869467	-1.611649	-4.076068
1	WALKPREM	0.000000	0.000000	0.000000	0.000000
1	WALKBUS	0.757107	1.865106	2.049825	0.510559
1	DRIVEPREM	0.000000	0.000000	0.000000	0.000000
1	DRIVEBUS	-4.925907	-2.203919	-2.913213	3.837669
1	DROPPREM	0.000000	0.000000	0.000000	0.000000
1	DROPBUS	-1.043802	-3.140857	-4.737780	3.646120
1	WALK	0.000000	0.000000	0.000000	0.000000
1	BIKE	-2.245835	-3.603889	-4.893859	-3.769320
2	AUTO	0.000000	0.000000	0.000000	0.000000
2	TRANSIT	2.721048	1.497610	1.254613	-1.369058
2	WALKBIKE	0.376663	-0.409572	-0.300573	0.171535
2	SOV	0.000000	0.000000	0.000000	0.000000
2	HOV	-2.628936	-2.280050	-2.150479	-2.933340
2	POOL2	0.000000	0.000000	0.000000	0.000000
2	POOL3	-2.224809	-2.434242	-1.964706	-1.589011
2	WALKTRAN	0.000000	0.000000	0.000000	0.000000
2	DRIVETRAN	-1.628539	-2.059640	0.425522	-1.532440
2	DROPTRAN	-6.000000	-3.541996	-6.000000	-4.416577
2	WALKPREM	0.000000	0.000000	0.000000	0.000000
2	WALKBUS	-6.000000	-6.000000	-6.000000	-3.652940
2	DRIVEPREM	0.000000	0.000000	0.000000	0.000000
2	DRIVEBUS	-6.000000	-6.000000	-6.000000	0.735917
2	DROPPREM	0.000000	0.000000	0.000000	0.000000
2	DROPBUS	0.072287	-5.583625	1.220393	1.417468
2	WALK	0.000000	0.000000	0.000000	0.000000
2	BIKE	-2.327213	-3.292770	-4.350726	-6.000000
1	AUTO	0.000000	0.000000	0.000000	0.000000
1	TRANSIT	0.556034	0.113447	-1.690077	-2.919806
1	WALKBIKE	0.375455	0.289144	0.278186	-1.928889
1	SOV	0.000000	0.000000	0.000000	0.000000
1	HOV	-1.848590	-1.928542	-1.954135	-2.766487
1	POOL2	0.000000	0.000000	0.000000	0.000000
1	POOL3	-1.493138	-2.140092	-1.789187	-1.448736
1	WALKTRAN	0.000000	0.000000	0.000000	0.000000
1	DRIVETRAN	-2.434614	-1.392685	0.172070	-1.290613
1	DROPTRAN	-3.809243	-2.835801	-1.584446	-3.950240
1	WALKPREM	0.000000	0.000000	0.000000	0.000000
1	WALKBUS	0.709937	1.822918	2.034893	0.787543
1	DRIVEPREM	0.000000	0.000000	0.000000	0.000000
1	DRIVEBUS	-5.075949	-2.278797	-2.962306	3.831289
1	DROPPREM	0.000000	0.000000	0.000000	0.000000
1	DROPBUS	-1.227361	-3.277855	-4.852664	3.635162
1	WALK	0.000000	0.000000	0.000000	0.000000
1	BIKE	-2.245313	-3.603135	-4.893672	-3.769370
2	AUTO	0.000000	0.000000	0.000000	0.000000
2	TRANSIT	2.692446	1.502236	1.246138	-1.338963
2	WALKBIKE	0.342444	-0.413249	-0.304853	0.171255
2	SOV	0.000000	0.000000	0.000000	0.000000
2	HOV	-2.625640	-2.280026	-2.150407	-2.933321
2	POOL2	0.000000	0.000000	0.000000	0.000000
2	POOL3	-2.221650	-2.434175	-1.964642	-1.588998
2	WALKTRAN	0.000000	0.000000	0.000000	0.000000
2	DRIVETRAN	-1.654345	-2.115787	0.434534	-1.607685
2	DROPTRAN	-6.000000	-3.483318	-6.000000	-4.453062
2	WALKPREM	0.000000	0.000000	0.000000	0.000000
2	WALKBUS	-6.000000	-6.000000	-6.000000	-3.754372
2	DRIVEPREM	0.000000	0.000000	0.000000	0.000000
2	DRIVEBUS	-6.000000	-6.000000	-6.000000	0.831981
2	DROPPREM	0.000000	0.000000	0.000000	0.000000
2	DROPBUS	0.015608	-5.792452	1.210786	1.401908
2	WALK	0.000000	0.000000	0.000000	0.000000
2	BIKE	-2.324911	-3.290981	-4.349414	-6.000000
1	AUTO	0.000000	0.000000	0.000000	0.000000
1	TRANSIT	0.565057	0.122566	-1.687613	-2.982152
1	WALKBIKE	0.374515	0.288732	0.278117	-1.928939
1	SOV	0.000000	0.000000	0.000000	0.000000
1	HOV	-1.848538	-1.928533	-1.954134	-2.766486
1	POOL2	0.000000	0.000000	0.000000	0.000000
1	POOL3	-1.493059	-2.140084	-1.789186	-1.448735
1	WALKTRAN	0.000000	0.000000	0.000000	0.000000
1	DRIVETRAN	-2.429739	-1.388313	0.177891	-1.193257
1	DROPTRAN	-3.761105	-2.817218	-1.571793	-3.846907
1	WALKPREM	0.000000	0.000000	0.000000	0.000000
1	WALKBUS	0.668066	1.785004	2.021554	1.000211
1	DRIVEPREM	0.000000	0.000000	0.000000	0.000000
1	DRIVEBUS	-5.159012	-2.334675	-2.995733	3.831963
1	DROPPREM	0.000000	0.000000	0.000000	0.000000
1	DROPBUS	-1.383671	-3.375726	-4.918623	3.625063
1	WALK	0.000000	0.000000	0.000000	0.000000
1	BIKE	-2.244852	-3.602829	-4.893623	-3.769386
2	AUTO	0.000000	0.000000	0.000000	0.000000
2	TRANSIT	2.679695	1.506156	1.242523	-1.308451
2	WALKBIKE	0.326096	-0.411269	-0.306571	0.171845
2	SOV	0.000000	0.000000	0.000000	0.000000
2	HOV	-2.624122	-2.280108	-2.150376	-2.933316
2	POOL2	0.000000	0.000000	0.000000	0.000000
2	POOL3	-2.219976	-2.434242	-1.964615	-1.588996
2	WALKTRAN	0.000000	0.000000	0.000000	0.000000
2	DRIVETRAN	-1.664252	-2.127856	0.438768	-1.675638
2	DROPTRAN	-6.000000	-3.433040	-6.000000	-4.490547
2	WALKPREM	0.000000	0.000000	0.000000	0.000000
2	WALKBUS	-6.000000	-6.000000	-6.000000	-3.831622
2	DRIVEPREM	0.000000	0.000000	0.000000	0.000000
2	DRIVEBUS	-6.000000	-6.000000	-6.000000	0.902071
2	DROPPREM	0.000000	0.000000	0.000000	0.000000
2	DROPBUS	-0.038839	-5.947029	1.201643	1.387954
2	WALK	0.000000	0.000000	0.000000	0.000000
2	BIKE	-2.322972	-3.291181	-4.349006	-6.000000
1	AUTO	0.000000	0.000000	0.000000	0.000000
1	TRANSIT	0.574164	0.131136	-1.685138	-3.032619
1	WALKBIKE	0.374193	0.288582	0.278088	-1.928998
1	SOV	0.000000	0.000000	0.000000	0.000000
1	HOV	-1.848522	-1.928529	-1.954133	-2.766485
1	POOL2	0.000000	0.000000	0.000000	0.000000
1	POOL3	-1.493042	-2.140081	-1.789186	-1.448735
1	WALKTRAN	0.000000	0.000000	0.000000	0.000000
1	DRIVETRAN	-2.431573	-1.387410	0.180552	-1.115344
1	DROPTRAN	-3.722381	-2.806917	-1.566109	-3.763064
1	WALKPREM	0.000000	0.000000	0.000000	0.000000
1	WALKBUS	0.630441	1.750958	2.009869	1.165428
1	DRIVEPREM	0.000000	0.000000	0.000000	0.000000
1	DRIVEBUS	-5.208210	-2.376966	-3.018482	3.836086
1	DROPPREM	0.000000	0.000000	0.000000	0.000000
1	DROPBUS	-1.515720	-3.445947	-4.956779	3.615698
1	WALK	0.000000	0.000000	0.000000	0.000000
1	BIKE	-2.244607	-3.602704	-4.893603	-3.769386
2	AUTO	0.000000	0.000000	0.000000	0.000000
2	TRANSIT	2.674490	1.507461	1.240999	-1.280292
2	WALKBIKE	0.318474	-0.409655	-0.307309	0.172724
2	SOV	0.000000	0.000000	0.000000	0.000000
2	HOV	-2.623460	-2.280157	-2.150363	-2.933317
2	POOL2	0.000000	0.000000	0.000000	0.000000
2	POOL3	-2.219208	-2.434285	-1.964603	-1.588999
2	WALKTRAN	0.000000	0.000000	0.000000	0.000000
2	DRIVETRAN	-1.669488	-2.128888	0.440666	-1.734505
2	DROPTRAN	-6.000000	-3.395292	-6.000000	-4.525149
2	WALKPREM	0.000000	0.000000	0.000000	0.000000
2	WALKBUS	-6.000000	-6.000000	-6.000000	-3.890382
2	DRIVEPREM	0.000000	0.000000	0.000000	0.000000
2	DRIVEBUS	-6.000000	-6.000000	-6.000000	0.953285
2	DROPPREM	0.000000	0.000000	0.000000	0.000000
2	DROPBUS	-0.091235	-6.000000	1.192901	1.375245
2	WALK	0.000000	0.000000	0.000000	0.000000
2	BIKE	-2.321815	-3.291746	-4.348856	-6.000000
