1	12049	23.87309
2	12049	23.91449
3	12049	23.28758
4	12064	22.43765
5	12064	21.55829
6	12064	20.72985
7	12064	20.17671
8	12064	19.58145
9	12064	18.66391
10	12064	18.0744
11	12064	17.869
12	12064	18.43272
13	12064	18.65805
14	12064	18.83255
15	12064	19.44485
16	12064	20.19656
17	12064	20.99455
18	12064	21.89219
19	12064	22.37325
20	12064	23.0869
21	12064	23.54607
22	12064	23.77759
23	12049	23.03458
24	12065	23.57226
25	12065	24.11088
26	12065	23.87429
27	12064	22.78469
28	12064	21.9443
29	12064	20.84475
30	12064	20.05477
31	12064	19.15467
32	12064	19.32023
33	12064	18.74197
34	12064	18.15068
35	12064	17.76256
36	12064	17.79183
37	12064	17.08883
38	12064	17.44683
39	12064	16.61731
40	12064	17.28848
41	12064	17.74441
42	12064	17.47748
43	12064	19.0497
44	12064	19.28291
45	12064	19.65569
46	12064	19.95784
47	12064	20.33882
48	12064	20.41689
49	12064	21.01429
50	12064	21.53858
51	12064	21.6828
52	12064	22.03312
53	12064	22.64225
54	12064	22.44705
55	12064	22.98188
56	12064	23.39668
57	12049	22.97922
58	12049	23.54303
59	12049	23.12925
60	12049	23.21697
61	12049	22.83774
62	12065	22.78864
63	12049	22.16546
64	12049	22.4844
65	12049	22.6915
66	12049	23.17839
67	12049	22.72771
68	12049	22.22013
69	12049	22.58303
70	12049	22.59218
71	12057	21.74929
72	12064	21.26356
73	12064	20.70069
74	12057	20.26419
75	12057	20.16441
76	12064	19.92566
77	12064	19.92563
78	12057	19.64651
79	12057	19.69566
80	12057	19.39167
81	12057	19.38757
82	12057	18.67767
83	12057	18.63364
84	12057	18.87593
85	12057	17.11142
86	12064	17.61348
87	12064	18.57154
88	12064	17.43787
89	12064	20.21656
90	12064	20.84531
91	12064	21.04482
92	12064	22.34628
93	12064	23.06746
94	12064	23.52396
95	12064	24.21845
96	12064	23.55326
97	12065	22.53214
98	12065	21.96869
99	12065	22.63369
100	12065	21.74008
101	12049	21.79467
102	12049	22.07502
103	12049	22.16902
104	12057	21.2964
105	12057	20.75845
106	12057	20.14779
107	12057	20.05703
108	12057	19.51179
109	12057	20.11191
110	12057	21.58621
111	12049	21.39934
112	12049	21.30265
113	12049	20.26967
114	12049	20.75774
115	12049	19.6274
116	12049	20.13767
117	12049	21.20022
118	12049	20.82027
119	12049	18.75852
120	12057	19.95415
122	12057	18.77181
123	12057	19.23378
124	12057	19.00652
125	12053	18.85599
126	12057	18.44656
127	12057	17.92776
128	12057	17.14132
129	12057	14.05927
130	12064	14.86368
131	12064	15.20049
132	12064	15.9989
133	12064	16.01349
134	12064	16.54985
135	12064	15.7723
136	12064	14.7248
137	12064	16.33614
138	12064	16.09451
139	12064	16.21815
140	12064	15.42091
141	12064	16.65829
142	12061	17.54978
143	12064	17.65271
144	12064	18.81901
145	12064	16.71229
146	12064	17.32889
147	12064	18.28958
148	12064	18.53988
149	12064	19.50242
150	12064	19.59731
151	12064	20.16802
152	12064	20.1031
153	12064	19.8434
154	12064	19.04833
155	12064	17.88553
156	12061	18.09652
157	12061	19.43725
158	12061	20.73724
159	12061	21.24224
160	12061	20.15461
161	12064	21.69017
162	12061	22.33462
163	12061	22.7315
164	12061	24.26214
165	12061	23.38092
166	12061	22.62352
167	12061	23.73856
169	12061	23.52908
170	12064	23.26083
171	12064	22.52654
172	12064	21.02761
173	12064	21.87107
174	12064	21.73356
175	12064	21.12416
176	12064	21.58209
177	12064	22.77358
178	12064	22.1812
179	12064	22.14193
180	12064	21.80261
181	12064	22.82833
182	12064	23.36352
183	12064	24.2341
184	12064	24.24633
185	12064	24.126
186	12064	24.82715
187	12065	24.44768
188	12064	24.6144
189	12061	25.57644
190	12065	25.22633
191	12061	24.19287
192	12065	24.22313
193	12065	24.82881
194	12065	24.44034
195	12065	24.12622
196	12065	23.64753
197	12065	23.90933
198	12065	23.76355
199	12065	24.14955
200	12065	23.63166
201	12065	23.16167
202	12065	23.55592
203	12065	22.55177
204	12065	22.81181
205	12065	22.00791
206	12065	22.10657
207	12065	22.47105
208	12065	23.44855
209	12065	23.03114
210	12065	23.09149
211	12065	22.56624
212	12065	21.92468
213	12065	21.51991
214	12065	21.27724
215	12065	19.17542
216	12065	21.47537
217	12065	21.65938
219	12065	22.12055
220	12065	23.00812
221	12065	23.29404
222	12065	22.83915
223	12065	22.56168
224	12065	22.2505
225	12065	21.56885
226	12065	22.18289
227	12065	20.71927
228	12049	21.47376
229	12065	21.42597
230	12065	21.69232
231	12065	20.8617
232	12065	20.79244
233	12065	20.83324
234	12065	20.74827
235	12065	20.30347
236	12065	18.09292
237	12065	17.78616
238	12065	19.21829
239	12065	20.67139
240	12065	19.7731
241	12065	19.58569
242	12065	18.48487
243	12065	19.31696
244	12065	18.45898
245	12065	17.46946
246	12065	17.47991
247	12065	16.89006
248	12065	16.14886
249	12065	13.63689
250	12061	15.26592
251	12061	16.79325
252	12061	19.26476
253	12061	20.23011
254	12061	19.74633
255	12061	21.36376
256	12061	25.3706
257	12065	24.3379
258	12065	24.30382
259	12065	23.56652
260	12065	22.36363
261	12065	22.23773
262	12065	23.7497
263	12065	22.71395
264	12065	21.44335
265	12065	20.48112
266	12065	19.32473
267	12065	18.51459
268	12065	15.71581
269	12065	15.24793
270	12065	13.54159
271	12065	14.24034
272	12065	15.03855
273	12065	17.1994
274	12065	19.21601
275	12065	20.12853
276	12065	19.92149
277	12049	19.42382
278	12049	18.19133
279	12065	15.80093
280	12049	17.27533
281	12049	17.53524
282	12049	15.94378
283	12049	17.48226
284	12049	15.32593
285	12053	13.12811
286	12049	9.099299
287	12049	12.54718
1001	12049	17.48843
1002	12064	17.01447
1003	12064	16.88653
1004	12064	16.66297
1005	12064	16.97798
1006	12060	17.84078
1007	12064	18.13043
1008	12064	16.45981
1009	12064	17.19306
1010	12064	16.12199
1011	12064	16.55346
1012	12064	16.03749
1013	12064	16.02541
1014	12060	15.85067
1015	12060	16.61427
1016	12060	17.10897
1017	12057	17.65591
1018	12060	17.77537
1019	12057	18.5117
1020	12064	18.45004
1021	12057	18.15068
1022	12057	17.69563
1023	12057	17.39863
1024	12057	18.2145
1025	12057	16.35651
1026	12057	15.90186
1027	12057	16.26771
1028	12057	16.32314
1029	12060	16.04351
1030	12057	15.30262
1031	12057	15.39579
1032	12057	15.83793
1033	12055	15.06752
1034	12060	16.44618
1035	12060	15.8966
1036	12060	15.13574
1037	12060	15.34215
1038	12060	15.19906
1039	12064	15.40873
1040	12064	14.21691
1041	12064	15.80369
1042	12064	16.55263
1043	12057	16.79497
1044	12057	17.23239
1045	12057	16.20513
1046	12057	16.53646
1047	12057	16.99727
1048	12057	15.68662
1049	12057	15.54255
1050	12057	15.02239
1051	12057	15.23043
1052	12057	15.58658
1053	12057	15.05839
1054	12057	14.72627
1055	12057	14.0224
1056	12057	13.63454
1057	12057	14.16236
1058	12057	13.46197
1059	12057	12.39141
1060	12057	13.34353
1061	12057	13.08928
1062	12057	11.89772
1063	12057	12.26354
1064	12057	12.07393
1065	12057	12.45265
1066	12057	13.55637
1067	12055	12.65088
1068	12057	13.50872
1069	12057	14.55312
1070	12057	14.56723
1071	12057	15.39079
1072	12055	14.81883
1073	12057	14.83114
1074	12055	13.83302
1075	12055	14.10412
1076	12060	15.06371
1077	12060	14.57068
1078	12060	13.2628
1079	12060	13.82595
1080	12060	14.55331
1081	12060	13.03103
1082	12060	14.54095
1083	12064	13.68525
1084	12064	14.83147
1085	12064	13.20643
1086	12064	12.13516
1087	12064	11.70732
1088	12064	13.18415
1089	12064	9.305452
1090	12064	10.12796
1091	12064	11.01708
1092	12064	12.87479
1093	12064	13.97125
1094	12064	14.88518
1095	12064	15.37649
1096	12064	14.63689
1097	12064	13.62745
1098	12064	12.72986
1099	12064	9.571272
1100	12064	11.73329
1101	12064	11.43038
1102	12060	7.85455
1103	12060	9.993885
1104	12060	7.806541
1105	12060	5.526661
1106	12060	5.617426
1107	12060	3.126911
1108	12060	6.16413
1109	12060	3.001911
1110	12060	5.372666
1111	12060	5.019308
1112	12056	3.075181
1113	12059	3.245655
1114	12059	2.383181
1115	12056	2.032023
1116	12056	4.939184
1117	12056	3.389157
1118	12055	4.555086
1119	12055	7.435085
1120	12056	6.707666
1121	12055	6.488338
1122	12055	9.389785
1123	12055	7.869746
1124	12055	11.61056
1125	12055	13.12026
1126	12060	12.76752
1127	12055	12.38896
1128	12055	10.9989
1129	12055	11.57404
1130	12057	10.6981
1131	12057	9.36651
1132	12055	7.929558
1133	12058	7.181921
1134	12055	5.261112
1135	12055	6.272297
1136	12058	6.861686
1137	12058	6.66248
1138	12058	6.120267
1139	12058	7.054062
1140	12058	7.552532
1141	12057	6.540625
1142	12057	6.099293
1143	12057	6.075996
1144	12057	6.061853
1145	12057	5.632714
1146	12057	5.744609
1147	12057	5.768799
1148	12057	5.714749
1149	12058	5.470541
1150	12058	4.502928
1151	12058	5.161538
1152	12058	5.32829
1153	12057	4.678281
1154	12057	3.471725
1155	12057	3.055204
1156	12058	3.38774
1157	12058	4.648601
1158	12055	1.74275
1159	12055	1.583168
1160	12058	1.117235
1161	12057	2.466295
1162	12057	3.587348
1163	12057	4.667016
1164	12057	5.573709
1165	12057	6.163134
1166	12057	7.192299
1167	12057	8.817617
1168	12057	10.24169
1169	12057	10.12856
1170	12057	11.03026
1171	12057	14.46066
1172	12057	16.15309
1173	12057	14.44128
1174	12053	13.69226
1175	12057	11.95756
1176	12053	12.11901
1177	12057	11.44688
1178	12057	10.18219
1179	12057	10.75653
1180	12057	10.29456
1181	12057	9.306987
1182	12057	9.180666
1183	12057	8.789755
1184	12057	7.733804
1185	12057	7.562265
1186	12057	7.894363
1187	12057	7.254838
1188	12057	7.895981
1189	12057	6.629587
1190	12057	5.5476
1191	12057	5.732704
1192	12057	5.719322
1193	12057	4.082476
1194	12057	4.384299
1195	12057	6.346352
1196	12057	8.278741
1197	12057	8.5746
1198	12053	7.951365
1199	12053	9.523763
1200	12053	8.785524
1201	12053	5.933888
1202	12053	6.160038
1203	12053	4.128
1204	12053	6.815732
1205	12053	2.225248
1206	12049	3.242139
1207	12053	6.309223
1208	12057	3.747787
1209	12057	2.312977
1210	12057	5.895302
1211	12053	2.155784
2001	12053	14.10295
2002	12036	14.39075
2003	12036	13.80862
2004	12036	14.2776
2005	12036	15.19769
2006	12036	14.94148
2007	12036	15.44524
2008	12036	14.60012
2009	12036	14.90955
2010	12036	15.24932
2011	12036	14.4876
2012	12036	13.96448
2013	12036	13.33524
2014	12036	13.24693
2015	12036	12.97707
2016	12036	12.42999
2017	12036	13.40669
2018	12036	13.33073
2019	12036	13.76358
2020	12036	14.24909
2021	12036	13.95952
2022	12036	13.3618
2023	12036	12.74536
2024	12036	12.26699
2025	12036	12.01423
2026	12036	11.41982
2027	12036	11.25886
2028	12036	12.14159
2029	12036	13.26344
2030	12036	12.73837
2031	12036	13.63417
2032	12036	14.37951
2033	12036	14.44013
2034	12036	15.84352
2035	12036	15.37639
2036	12036	16.46983
2037	12036	16.20401
2038	12036	15.60356
2039	12036	16.1456
2040	12036	16.60277
2041	12036	16.20228
2042	12036	16.77709
2043	12036	17.31875
2044	12036	17.31884
2045	12036	17.21189
2046	12036	16.58241
2047	12036	17.8382
2048	12036	18.51746
2049	12036	18.44004
2050	12036	18.44241
2051	12036	17.78171
2052	12036	17.38347
2053	12036	16.95196
2054	12036	16.15019
2055	12036	15.68745
2056	12036	17.11967
2057	12036	17.96524
2058	12045	17.80562
2059	12045	17.2659
2060	12045	17.98493
2061	12045	18.58864
2062	12045	19.37166
2063	12045	19.43979
2064	12036	19.03961
2065	12036	18.93654
2066	12036	19.56891
2067	12036	19.2088
2068	12036	18.7784
2069	12036	17.67462
2070	12036	17.14165
2071	12036	15.5172
2072	12036	14.76133
2073	12036	15.61354
2074	12036	14.71587
2075	12036	13.15436
2076	12036	12.36554
2077	12036	11.75
2078	12036	11.29575
2079	12036	10.3235
2080	12036	9.723879
2081	12036	10.23957
2082	12036	9.685694
2083	12036	8.617507
2084	12036	9.750696
2085	12036	11.20132
2086	12036	12.49093
2087	12036	13.77788
2088	12036	16.69289
2089	12036	18.07597
2090	12036	19.23983
2091	12036	20.58736
2092	12036	19.85265
2093	12036	19.8241
2094	12036	21.90289
2095	12036	21.50231
2096	12036	20.79761
2097	12036	20.95307
2098	12036	22.42906
2099	12036	21.72942
2100	12036	20.50811
2101	12036	22.44801
2102	12036	21.49254
2103	12043	21.50804
2104	12043	21.19739
2105	12045	20.45828
2106	12036	14.50628
2107	12036	19.50152
2108	12045	20.24432
2109	12043	20.55909
2110	12043	20.36125
2111	12043	19.91247
2112	12043	18.82446
2113	12043	17.5201
2114	12045	17.72481
2115	12043	17.41481
2116	12043	18.30663
2117	12043	18.50914
2118	12043	19.62698
2119	12043	19.13647
2120	12043	15.06701
2121	12036	15.58998
2122	12036	15.97617
2123	12036	16.756
2124	12036	16.15535
2125	12036	16.18202
2126	12045	16.20498
2127	12045	15.06336
2128	12045	16.64167
2129	12045	17.11578
2130	12045	15.56244
2131	12045	15.76144
2132	12036	14.96292
2133	12036	14.19459
2134	12036	13.13117
2135	12036	13.31011
2136	12036	12.23324
2137	12036	10.97647
2138	12036	11.90659
2139	12036	11.3736
2140	12036	12.71635
2141	12036	14.44081
2142	12036	11.82133
2143	12036	11.45829
2144	12036	9.798897
2145	12036	9.056027
2146	12036	10.14584
2147	12036	9.713784
2148	12036	14.05215
2149	12036	15.05365
2150	12036	11.40327
2151	12036	12.57176
2152	12036	11.21785
2153	12036	10.12598
2154	12036	8.589716
2155	12036	7.593455
2156	12036	12.15128
2157	12036	7.80643
2158	12036	15.60594
2159	12043	13.43924
2160	12043	13.08396
2161	12043	13.27156
2162	12043	12.01051
2163	12045	12.0357
2164	12045	12.85916
2165	12045	14.32074
2166	12045	14.56502
2167	12045	14.10617
2168	12045	14.01462
2169	12045	14.69809
2170	12045	16.18951
2171	12045	16.03739
2172	12043	15.06212
2173	12043	15.40121
2174	12043	17.02163
2175	12043	22.02788
2176	12036	21.19541
2177	12036	20.19791
2178	12036	19.68909
2179	12036	18.63972
2180	12036	17.50409
2181	12036	15.79838
2182	12036	14.12173
2183	12036	9.517431
2184	12036	17.21591
2185	12036	17.92482
2186	12036	5.142257
2187	12036	9.137941
2188	12036	6.587841
2189	12036	12.70352
2190	12045	6.528619
2191	12036	8.935544
2192	12036	12.8472
2193	12036	10.39528
2194	12036	14.15044
2195	12036	14.03561
2196	12042	11.41924
2197	12042	13.58208
2198	12045	11.75651
2199	12045	11.06625
2200	12045	12.56296
2201	12039	12.63745
2202	12039	11.31207
2203	12034	12.0299
2204	12036	13.17797
2205	12034	11.73375
2206	12034	9.193959
2207	12034	8.432398
2208	12034	8.309795
2209	12034	8.689011
2210	12034	8.884154
2211	12034	9.325415
2212	12034	9.742504
2213	12034	10.15358
2214	12034	11.03145
2215	12034	10.88592
2216	12034	11.67389
2217	12039	10.39457
2218	12039	10.40873
2219	12042	10.88397
2220	12045	10.51739
2221	12045	9.723357
2222	12034	7.107545
2223	12034	8.364718
2224	12034	8.492599
2225	12034	8.666833
2226	12034	9.086509
2227	12034	9.218431
2228	12034	9.938522
2229	12034	5.270024
2230	12034	7.094076
2231	12034	7.063733
2232	12034	7.97284
2233	12034	8.549306
2234	12034	9.551159
2235	12034	10.32494
2236	12034	7.828527
2237	12036	12.15272
2238	12045	8.36052
2239	12036	7.777874
2240	12036	10.26533
3001	12034	7.625307
3002	12024	7.573258
3003	12024	7.521993
3004	12024	7.480614
3005	12024	7.332933
3006	12024	7.206798
3007	12024	7.212344
3008	12024	7.35106
3009	12024	7.3998
3010	12024	7.300651
3011	12024	7.456476
3012	12024	7.523401
3013	12024	7.494853
3014	12024	7.69979
3015	12024	7.650602
3016	12024	7.937085
3017	12024	8.346727
3018	12024	8.364785
3019	12024	8.169232
3020	12024	7.894838
3021	12024	7.843657
3022	12024	8.606174
3023	12024	8.798483
3024	12024	8.53163
3025	12024	8.258561
3026	12024	8.253334
3027	12024	8.787265
3028	12024	9.110395
3029	12024	9.091913
3030	12024	9.482834
3031	12024	9.553157
3032	12024	9.112432
3033	12024	9.765781
3034	12024	10.2121
3035	12024	10.51825
3036	12024	10.10989
3037	12024	9.976245
3038	12024	9.686862
3039	12024	9.39368
3040	12024	9.274392
3041	12024	8.969943
3042	12024	8.724785
3043	12024	8.712775
3044	12024	8.728434
3045	12024	9.088855
3046	12024	9.075175
3047	12024	9.450419
3048	12022	9.634166
3049	12024	9.939773
3050	12024	10.39601
3051	12024	10.45989
3052	12024	10.29151
3053	12024	10.21745
3054	12022	10.60448
3055	12022	10.8283
3056	12022	11.67182
3057	12021	11.32973
3058	12022	11.44585
3059	12021	12.48507
3060	12021	12.0253
3061	12021	13.66077
3062	12021	13.46251
3063	12024	12.32284
3064	12024	11.45838
3065	12024	12.30557
3066	12024	12.59764
3067	12024	11.92763
3068	12024	10.96902
3069	12024	10.96591
3070	12024	11.15898
3071	12024	11.09351
3072	12025	10.38857
3073	12025	10.02752
3074	12024	9.798764
3075	12024	9.5555
3076	12024	9.223104
3077	12024	9.7132
3078	12025	10.31492
3079	12025	8.058471
3080	12024	7.917541
3081	12024	7.737741
3082	12024	7.460194
3083	12024	7.364409
3084	12024	7.180966
3085	12024	7.019581
3086	12024	7.52957
3087	12024	7.466146
3088	12024	6.998783
3089	12024	6.776878
3090	12024	6.534041
3091	12024	6.939001
3092	12024	7.845398
3093	12024	7.702838
3094	12025	8.542651
3095	12025	8.555002
3096	12025	8.023603
3097	12025	7.340513
3098	12025	6.518371
3099	12025	6.473354
3100	12025	5.65199
3101	12025	4.599033
3102	12025	5.410428
3103	12025	4.692639
3104	12025	6.160711
3105	12024	5.595855
3106	12024	6.097094
3107	12024	6.015035
3108	12024	5.214354
3109	12024	3.725816
3110	12024	4.985534
3111	12024	5.921898
3112	12024	6.352845
3113	12024	6.208343
3114	12024	6.380021
3115	12024	6.683839
3116	12024	6.463594
3117	12024	6.549778
3118	12024	6.625672
3119	12024	6.823354
3120	12024	6.832212
3121	12024	7.091772
3122	12024	7.093034
3123	12024	6.882365
3124	12024	6.624377
3125	12024	6.768343
3126	12024	6.997492
3127	12024	6.971786
3128	12024	6.605771
3129	12024	6.804858
3130	12024	7.100794
3131	12024	7.262289
3132	12024	7.336524
3133	12022	7.022797
3134	12024	6.673291
3135	12022	6.261643
3136	12022	6.205675
3137	12022	6.334744
3138	12022	6.261611
3139	12022	5.850625
3140	12022	4.017827
3141	12022	3.157482
3142	12022	4.715659
3143	12021	5.638134
3144	12022	5.412455
3145	12021	6.172783
3146	12021	5.696375
3147	12021	7.264732
3148	12021	7.554154
3149	12021	6.487133
3150	12021	8.66064
3151	12021	8.696855
3152	12021	8.374892
3153	12021	8.523677
3154	12022	8.194558
3155	12022	8.018342
3156	12022	7.681806
3157	12022	7.641001
3158	12022	6.93091
3159	12022	7.037722
3160	12022	7.34989
3161	12022	7.362534
3162	12022	7.939694
3163	12022	7.837348
3164	12022	7.633469
3165	12022	7.60165
3166	12024	7.721081
3167	12024	7.870851
3168	12024	7.883168
3169	12024	8.265414
3170	12022	8.18009
3171	12024	8.588507
3172	12022	8.463862
3173	12022	8.768675
3174	12022	9.136298
3175	12022	8.770431
3176	12022	9.328812
3177	12022	8.953814
3178	12021	9.839444
3179	12022	9.843405
3180	12021	10.85072
3181	12021	10.23472
3182	12021	9.427034
3183	12021	10.52823
3184	12021	12.63198
3185	12024	12.1571
3186	12025	11.53543
3187	12025	11.61338
3188	12025	10.61631
3189	12023	12.26597
3190	12023	10.86605
3191	12023	14.59077
3192	12025	15.20743
3193	12025	13.51989
3194	12025	14.45495
3195	12025	14.68297
3196	12024	15.86996
3197	12025	15.61386
3198	12024	12.33177
3199	12025	13.52599
3200	12023	13.69241
3201	12025	13.46388
3202	12025	13.15332
3203	12025	12.51803
3204	12025	12.62992
3205	12025	12.57354
3206	12025	12.83551
3207	12025	17.09266
3208	12025	15.68489
3209	12025	17.97912
3210	12025	18.74679
3211	12025	18.9292
3212	12025	17.54791
3213	12025	17.52188
3214	12025	16.2849
3215	12025	16.62095
3216	12025	15.9874
3217	12025	14.96287
3218	12023	7.393449
3219	12023	7.401217
3220	12023	6.223134
3221	12023	6.538073
3222	12023	5.505805
3223	12023	5.116883
3224	12023	4.649169
3225	12023	3.984836
3226	12023	3.323587
3227	12023	4.299394
3228	12023	4.761741
3229	12023	3.380618
3230	12023	3.223825
3231	12023	2.324637
3232	12023	3.346866
3233	12025	7.301769
3234	12021	11.1997
3235	12021	12.28298
3236	12021	14.85971
3237	12021	14.5001
3238	12021	13.36636
3239	12020	11.43044
3240	12020	9.551727
3241	12020	8.947855
3242	12020	4.678762
3243	12019	2.351442
3244	12021	3.723808
3245	12021	2.41495
3246	12021	3.493896
3247	12025	2.665938
3248	12024	4.196369
3249	12025	3.455296
3250	12020	3.943111
3251	12019	5.538943
3252	12017	3.748952
3253	12016	2.480694
3254	12017	4.762766
3255	12018	7.776929
3256	12018	2.827848
3257	12018	6.893151
3258	12036	4.185627
3259	12036	6.17715
3260	12017	8.080975
3261	12017	11.02959
3262	12017	9.565105
3263	12036	7.852689
3264	12017	8.902663
3265	12017	12.37096
3266	12017	13.30128
3267	12036	15.8841
3268	12017	19.56606
3269	12036	19.84136
3270	12036	16.98065
3271	12021	7.951276
3272	12020	10.14414
3273	12021	4.327965
3274	12020	5.095474
3275	12021	16.14099
3276	12017	15.10969
3277	12036	10.29508
3278	12017	11.58498
3279	12017	11.88022
3280	12020	12.29033
3281	12020	11.53054
3282	12017	11.10814
3283	12017	10.86218
3284	12017	3.837569
3285	12017	9.464165
3286	12019	8.003738
3287	12017	10.24454
3288	12017	11.12499
3289	12019	11.86152
3290	12017	10.87393
3291	12017	2.052334
3292	12023	1.455362
3293	12023	1.297988
3294	12025	1.190282
3295	12024	1.969912
3296	12022	7.388169
4001	12022	5.175055
4002	12032	5.128495
4003	12032	4.939863
4004	12026	4.443233
4005	12032	5.213804
4006	12032	4.712023
4007	12032	5.887548
4008	12026	5.655407
4009	12032	5.764838
4010	12032	6.118703
4011	12032	6.457001
4012	12026	6.880209
4013	12026	6.579946
4014	12026	5.880568
4015	12026	5.431798
4016	12026	5.94421
4017	12026	4.774225
4018	12026	4.997819
4019	12030	4.599784
4020	12032	5.52916
4021	12030	4.958594
4022	12030	4.312195
4023	12030	4.269687
4024	12030	3.975546
4025	12032	4.109163
4026	12032	3.747011
4027	12030	3.58286
4028	12030	7.108806
4029	12032	6.99612
4030	12030	7.658808
4031	12026	5.999724
4032	12030	6.506529
4033	12028	6.52077
4034	12028	7.228128
4035	12028	6.218067
4036	12029	7.197762
4037	12029	8.142767
4038	12028	7.373297
4039	12026	9.015042
4040	12029	8.628955
4041	12029	7.962823
4042	12026	6.773071
4043	12026	6.489853
4044	12026	6.075248
4045	12026	6.20877
4046	12026	7.505388
4047	12026	6.567661
4048	12026	5.977103
4049	12034	6.017974
4050	12026	5.175255
4051	12026	5.59592
4052	12026	5.774698
4053	12026	4.459324
4054	12026	3.924485
4055	12026	2.765973
4056	12026	2.511005
4057	12026	1.734018
4058	12026	3.179076
4059	12026	3.784979
4060	12026	1.931491
4061	12026	2.695373
4062	12026	3.161495
4063	12032	1.508543
4064	12032	2.866982
4065	12030	3.030486
4066	12032	1.23638
4067	12032	2.643397
4068	12032	2.006126
4069	12032	1.291459
4070	12034	1.457408
4071	12034	3.059057
4072	12034	2.138896
4073	12027	1.470503
4074	12027	2.812267
4075	12027	2.056172
4076	12033	3.977233
4077	12026	3.234814
4078	12027	3.798993
4079	12034	3.160282
4080	12034	5.27076
4081	12034	3.131861
4082	12034	3.013548
4083	12034	4.811717
4084	12034	6.205851
4085	12034	4.466023
4086	12034	6.505515
4087	12034	7.037723
4088	12034	7.547112
4089	12034	9.156639
4090	12034	7.996577
4091	12034	8.155946
4092	12034	9.540952
4093	12034	10.502
4094	12034	9.81223
4095	12034	9.902991
4096	12034	9.65655
4097	12034	8.947503
4098	12029	9.988192
4099	12036	8.428434
4100	12037	11.25445
4101	12036	10.39589
4102	12036	9.253498
4103	12036	8.042934
4104	12036	8.086616
4105	12036	7.930376
4106	12036	7.67925
4107	12036	7.982715
4108	12036	7.707302
4109	12036	7.345965
4110	12036	7.10034
4111	12036	7.305153
4112	12036	7.239216
4113	12036	6.967865
4114	12036	7.233966
4115	12036	6.856558
4116	12036	6.531236
4117	12036	5.960637
4118	12036	6.560069
4119	12036	5.510816
4120	12036	4.083807
4121	12036	4.979685
4122	12036	6.065626
4123	12036	3.870642
4124	12036	2.328443
4125	12036	4.031955
4126	12036	4.978892
4127	12036	7.048681
4128	12036	6.36271
4129	12037	4.531071
4130	12029	3.549226
4131	12037	2.189451
4132	12029	1.123222
4133	12037	0.876284
4134	12037	1.466875
4135	12036	3.511374
4136	12036	5.153217
4137	12036	3.66882
4138	12036	1.121137
4139	12036	0.829508
4140	12036	1.781444
4141	12029	2.059519
4142	12028	1.374232
4143	12028	1.321806
4144	12031	2.348555
4145	12031	2.571204
4146	12028	3.941041
4147	12028	5.460546
4148	12029	5.682726
4149	12028	5.050893
4150	12028	5.291207
4151	12030	4.44509
4152	12031	3.035862
4153	12031	3.602772
4154	12030	2.036379
5006	12031	1.471043
5007	12063	2.665106
5008	12063	3.52619
5009	12063	4.675334
5010	12064	2.48574
5011	12064	1.162857
5012	12064	2.19166
5013	12064	3.023164
5014	12060	3.177485
5015	12064	4.441932
5016	12064	3.814568
5017	12064	4.714269
5018	12061	5.353237
5019	12064	5.817292
5020	12064	5.415598
5021	12064	5.45881
5022	12064	5.232263
5023	12064	5.953265
5024	12064	6.381339
5025	12064	7.301244
5026	12064	6.763807
5027	12064	6.101471
5028	12064	6.496637
5029	12064	6.578022
5030	12064	6.744551
5031	12061	7.39471
5032	12061	6.47542
5033	12061	8.420958
5034	12064	7.036797
5035	12064	8.047659
5036	12061	8.619404
5037	12064	8.035283
5038	12064	9.129132
5039	12061	9.614378
5040	12061	7.988583
5041	12064	9.133105
5042	12064	12.82145
5043	12064	11.26928
5044	12064	9.806766
5045	12064	10.90081
5046	12064	11.89571
5047	12061	10.39191
5048	12061	11.46347
5049	12061	11.09411
5050	12061	9.962863
5051	12061	10.03932
5052	12061	8.976541
5053	12061	8.683063
5054	12061	7.015781
5055	12061	6.422307
5056	12061	5.6928
5057	12061	6.133834
5058	12061	5.239353
5059	12061	5.471161
5060	12061	10.42204
5061	12064	9.132861
5062	12044	8.049425
5063	12061	6.344549
5064	12061	5.489109
5065	12061	7.085256
5066	12044	6.688663
5067	12044	4.979213
5068	12044	5.124777
5069	12061	4.491214
5070	12044	3.929569
5071	12061	3.910753
5072	12061	1.515901
5073	12061	2.191953
5074	12061	0.999182
5075	12061	6.333574
5076	12064	7.468692
5077	12061	8.023072
6001	12061	5.569891
6002	12041	5.67923
6003	12041	5.803552
6004	12038	6.216658
6005	12038	6.560377
6006	12038	6.196712
6007	12041	6.553944
6008	12041	7.020988
6009	12041	7.295434
6010	12041	4.621851
6011	12041	4.383326
6012	12042	5.278878
6013	12042	4.581608
6014	12042	4.357184
6015	12042	3.620683
6016	12045	4.8828
6017	12045	6.150209
6018	12042	6.082612
6019	12042	6.941982
6020	12042	8.110909
6021	12042	8.156267
6022	12042	9.790063
6023	12042	8.399626
6024	12041	8.92929
6025	12039	7.379052
6026	12039	7.445934
6027	12039	6.063839
6028	12039	7.162479
6029	12039	9.029693
6030	12039	6.515256
6031	12039	8.101576
6032	12039	7.771925
6033	12034	6.530967
6034	12068	4.014125
6035	12068	5.05367
6036	12034	6.30148
6037	12034	3.853754
6038	12034	2.558508
6039	12034	1.362035
6040	12068	1.668951
6041	12068	1.162484
6042	12040	1.577684
6043	12040	2.366101
6044	12066	2.915317
6045	12040	3.162848
6046	12066	1.096273
6047	12066	3.429955
6048	12066	3.678745
6049	12066	1.716679
6050	12066	2.599691
6051	12067	2.212401
6052	12067	5.018028
6053	12067	4.538615
6054	12039	5.264318
6055	12039	3.613095
6056	12039	0.909314
6057	12039	1.483049
6058	12038	3.164661
6059	12038	1.600813
6060	12042	2.742334
6061	12041	3.163594
6062	12042	1.350619
6063	12042	1.836703
6064	12045	1.991171
6065	12045	3.550584
6066	12045	5.507066
6067	12045	4.019825
6068	12045	5.209964
6069	12045	6.47018
6070	12043	3.217658
6071	12043	4.931124
6072	12043	6.838295
6073	12043	6.912484
6074	12045	8.859632
6075	12045	7.256494
6076	12045	8.957965
6077	12045	10.04631
6078	12045	10.24802
6079	12045	8.056643
6080	12045	9.96201
6081	12043	9.159104
6082	12043	11.38991
6083	12043	10.34586
6084	12043	10.86314
6085	12043	12.28105
6086	12043	12.35774
6087	12043	10.33662
6088	12043	8.282996
6089	12043	5.374753
6090	12043	2.380674
6091	12043	3.132127
6092	12043	4.869599
6093	12043	6.487767
6094	12043	7.100555
6095	12043	8.492396
6096	12043	10.3885
7001	12043	15.10576
7002	12023	8.985084
7003	12047	4.844436
7004	12047	3.759258
7005	12023	2.90928
7006	12047	7.463706
7007	12047	4.749189
7008	12047	11.50445
7009	12023	12.52869
7010	12023	14.2712
7011	12023	11.48017
8001	12047	7.388963
8002	12050	7.377169
8003	12050	7.037793
8004	12050	6.749487
8005	12050	6.645266
8006	12050	6.793509
8007	12050	7.872932
8008	12050	7.354403
8009	12050	6.07432
8010	12050	5.929187
8011	12050	6.392948
8012	12050	6.778562
8013	12050	7.115382
8014	12050	7.346341
8015	12050	7.670873
8016	12050	8.098333
8017	12050	8.093489
8018	12050	8.768784
8019	12050	8.88847
8020	12050	8.795657
8021	12050	8.280005
8022	12050	8.056527
8023	12050	7.796067
8024	12050	7.485961
8025	12050	7.370822
8026	12050	8.089144
8027	12050	8.407071
8028	12050	9.356292
8029	12050	10.05301
8030	12050	11.09809
8031	12050	9.802716
8032	12050	11.10875
8033	12050	10.80937
8034	12049	11.16141
8035	12049	11.18824
8036	12049	12.14874
8037	12050	13.24669
8038	12049	11.66878
8039	12065	10.49628
8040	12065	9.376946
8041	12065	9.620955
8042	12065	11.10656
8043	12065	9.915399
8044	12065	12.93877
8045	12065	11.46179
8046	12065	10.75001
8047	12065	12.08649
8048	12065	12.40636
8049	12065	13.98076
8050	12065	13.8048
8051	12049	13.56712
8052	12065	13.16893
8053	12049	11.67119
8054	12049	9.656627
8055	12049	9.660671
8056	12049	8.255526
8057	12049	8.808202
8058	12049	7.716561
8059	12049	8.614779
8060	12049	7.010413
8061	12049	7.495586
8062	12049	6.024837
8063	12049	7.030531
8064	12049	7.683393
8065	12050	6.449492
8066	12050	6.118626
8067	12050	5.13214
8068	12050	5.060964
8069	12050	6.42711
8070	12050	6.95821
8071	12050	6.199628
8072	12050	7.502575
8073	12050	5.459092
8074	12050	7.96814
8075	12050	6.570911
8076	12050	8.790306
8077	12065	6.937901
8078	12065	7.562497
8079	12065	6.534721
8080	12065	5.839204
8081	12065	5.403882
8082	12065	5.202175
8083	12065	6.539753
8084	12052	4.829024
8085	12052	4.497996
8086	12065	2.785645
8087	12052	9.479816
8088	12065	7.368498
8089	12065	6.034837
8090	12065	8.124496
8091	12065	4.904266
8092	12065	5.136671
8093	12065	6.178178
8094	12065	7.780166
8095	12065	8.236247
8096	12065	5.770072
8097	12065	6.443791
8098	12065	4.638731
8099	12065	3.5671
8100	12065	3.689719
8101	12065	5.387911
8102	12065	9.532
8103	12065	10.57758
8104	12065	11.52588
8105	12065	11.7165
8106	12065	9.661392
8107	12065	10.28653
8108	12065	7.863222
8109	12065	8.709306
8110	12065	7.998894
8111	12065	6.349822
8112	12065	5.016494
8113	12048	3.773659
8114	12048	3.593892
8115	12048	2.40908
8116	12048	1.88481
8117	12052	3.729419
8118	12051	2.087461
8119	12051	1.646677
8120	12051	5.172635
8121	12048	2.905401
8122	12050	2.007073
8123	12050	4.594128
8124	12050	4.109794
8125	12050	4.427702
8126	12050	3.152
8127	12050	1.176401
8128	12050	5.376757
8129	12050	3.467397
8130	12050	6.289682
8131	12050	4.994722
8132	12050	6.626734
8133	12050	7.265874
8134	12049	6.523757
8135	12050	7.17901
8136	12049	5.968713
8137	12049	5.782705
8138	12049	4.611069
8139	12049	3.800422
8140	12049	1.803186
8141	12049	4.53073
8142	12049	5.740876
8143	12049	7.939734
8144	12049	9.826784
8145	12049	8.849982
8146	12049	6.639417
8147	12049	4.809287
8148	12049	3.462882
8149	12049	5.035774
8150	12049	6.545384
8151	12049	4.908537
8152	12049	3.395616
8153	12049	2.923495
8154	12049	5.147052
8155	12049	6.266904
8156	12049	7.615322
8157	12049	10.14638
8158	12049	9.522559
8159	12049	8.087191
8160	12049	10.85796
8161	12049	11.53074
9001	12049	1.046922
9002	12065	2.733599
9003	12065	3.590923
9004	12065	0.850566
9005	12013	0.984279
9006	12001	4.327216
9007	12001	4.379758
9008	12013	5.22274
9009	12065	6.36403
9010	12065	6.005849
9011	12013	7.145098
9012	12001	7.791515
9013	12013	10.3213
9014	12001	10.3899
9015	12013	9.29724
9016	12013	8.342584
9017	12065	10.0021
9018	12065	10.38413
9019	12013	12.03049
9020	12065	13.67798
9021	12065	13.52819
9022	12065	12.03067
9023	12013	11.75304
9024	12013	12.67165
9025	12001	11.55934
9026	12001	12.7118
9027	12014	14.08678
9028	12001	15.35328
9029	12001	16.28675
9030	12001	14.85153
9031	12013	15.91247
9032	12065	14.98841
9033	12065	15.32918
9034	12065	15.32325
9035	12065	15.16952
9036	12065	17.17081
9037	12065	16.51394
9038	12065	17.51312
9039	12065	18.66033
9040	12065	19.95751
9041	12013	18.80226
9042	12013	19.41165
9043	12013	20.47107
9044	12004	19.51787
9045	12004	18.91864
9046	12004	18.60857
9047	12007	18.07403
9048	12007	17.81748
9049	12007	16.379
9050	12007	15.61199
9051	12007	14.18523
9052	12007	17.11352
9053	12004	17.57033
9054	12004	17.3518
9055	12003	18.46195
9056	12004	17.9131
9057	12013	17.98076
9058	12001	18.06153
9059	12005	17.32679
9060	12001	16.26228
9061	12005	15.1079
9062	12005	14.08271
9063	12003	13.86615
9064	12005	12.59497
9065	12005	12.32192
9066	12004	11.09743
9067	12004	11.41561
9068	12008	12.68444
9069	12008	11.81388
9070	12008	13.61828
9071	12005	14.55909
9072	12008	14.7553
9073	12008	15.45874
9074	12008	15.11282
9075	12014	14.27175
9076	12008	13.80932
9077	12008	14.18165
9078	12014	13.55707
9079	12008	13.17915
9080	12008	12.67218
9081	12008	12.00745
9082	12008	12.29411
9083	12008	12.23209
9084	12006	11.87876
9085	12006	12.92262
9086	12006	12.29474
9087	12006	12.76947
9088	12014	13.15692
9089	12014	11.58066
9090	12006	11.55577
9091	12008	11.58324
9092	12008	11.20078
9093	12008	11.20726
9094	12008	11.28143
9095	12006	10.96954
9096	12006	10.88401
9097	12008	10.59296
9098	12008	10.3807
9099	12008	10.65549
9100	12008	10.57159
9101	12008	10.03797
9102	12008	9.874053
9103	12008	9.484013
9104	12008	8.17575
9105	12008	8.412541
9106	12008	8.086184
9107	12009	9.208104
9108	12006	10.12747
9109	12006	11.09585
9110	12006	10.80522
9111	12006	10.73511
9112	12006	11.22908
9113	12006	10.97502
9114	12009	11.48823
9115	12006	11.95715
9116	12009	11.70955
9117	12009	11.21844
9118	12009	10.32945
9119	12009	9.287571
9120	12009	10.41142
9121	12009	10.85345
9122	12009	11.31039
9123	12009	11.44038
9124	12012	10.76918
9125	12012	11.1877
9126	12014	9.485613
9127	12014	11.15929
9128	12012	10.77491
9129	12012	10.11394
9130	12012	10.82894
9131	12012	10.47525
9132	12012	9.415647
9133	12011	9.278105
9134	12012	9.405015
9135	12012	8.636932
9136	12014	8.806168
9137	12014	7.557908
9138	12014	8.645076
9139	12012	7.745049
9140	12012	6.980314
9141	12012	8.280392
9142	12012	6.890622
9143	12012	7.6919
9144	12012	6.428168
9145	12011	5.994691
9146	12011	7.71188
9147	12011	9.08522
9148	12009	7.581457
9149	12010	5.473022
9150	12010	6.513998
9151	12010	4.056617
9152	12011	4.285511
9153	12012	5.360441
9154	12012	5.018421
9155	12012	5.295688
9156	12014	4.10661
9157	12014	3.159677
9158	12014	3.271906
9159	12014	1.196001
9160	12012	1.200683
9161	12012	2.372454
9162	12012	1.722389
9163	12011	2.477487
9164	12011	1.189325
9165	12010	3.295938
9166	12010	5.016757
9167	12011	3.988904
9168	12010	3.522996
9169	12010	5.271214
9170	12009	6.608417
9171	12009	4.794515
9172	12009	2.155057
9173	12009	5.778383
9174	12008	3.248012
9175	12006	1.534433
9176	12006	5.271005
9177	12005	2.858447
9178	12005	1.310292
9179	12003	4.071675
9180	12005	2.388696
9181	12007	1.220977
9182	12007	1.447315
9183	12002	1.78274
9184	12002	3.825275
9185	12047	5.149565
9186	12002	3.528264
9187	12002	5.447672
9188	12007	4.894852
9189	12004	7.802439
9190	12004	7.545951
9191	12005	9.220165
9192	12005	6.864532
9193	12002	6.293583
9194	12002	8.410697
9195	12002	10.19007
9196	12002	9.30108
9197	12007	9.635306
9198	12004	10.31878
9199	12007	11.76088
9200	12007	11.98589
9201	12002	11.60889
9202	12002	11.62001
9203	12047	12.73224
9204	12047	12.80764
9205	12002	12.752
9206	12002	13.34258
9207	12007	14.86798
9208	12007	15.16979
9209	12002	13.83288
9210	12002	15.38729
9211	12002	14.36625
9212	12002	18.69066
9213	12007	19.46132
9214	12004	20.59353
9215	12013	18.24854
9216	12065	20.02875
9217	12004	17.71239
9218	12065	16.90908
9219	12013	15.806
9220	12013	16.26395
9221	12065	16.20015
9222	12065	14.0568
9223	12065	11.70102
9224	12065	13.53179
9225	12013	13.26067
9226	12013	12.39995
9227	12013	15.65926
9228	12013	14.66924
9229	12013	13.82823
9230	12014	14.48458
9231	12001	16.57343
9232	12001	13.2757
9233	12001	12.26728
9234	12001	11.36861
9235	12014	12.50411
9236	12014	12.74426
9237	12006	13.05628
9238	12006	14.48275
9239	12014	13.85405
9240	12008	15.13804
9241	12008	16.03241
9242	12008	16.11237
9243	12014	17.23807
9244	12005	16.96189
9245	12004	18.32772
9246	12004	19.16906
9247	12004	17.63184
9248	12004	16.7329
9249	12005	16.29506
9250	12003	15.38353
9251	12005	15.8267
9252	12003	19.15772
9253	12007	18.64893
9254	12007	19.39621
9255	12007	19.72397
9256	12007	20.2494
9257	12004	18.02498
9258	12004	17.75186
9259	12007	17.28055
9260	12002	16.40535
9261	12002	16.93821
9262	12007	15.83196
9263	12007	16.03638
9264	12007	16.02073
9265	12004	15.25931
9266	12004	16.28626
9267	12004	14.42631
9268	12004	15.05998
9269	12004	13.38254
9270	12004	11.09513
9271	12005	11.7263
9272	12007	12.31758
9273	12007	13.2507
9274	12007	12.834
9275	12002	13.22809
9276	12002	11.99082
9277	12002	13.99479
9278	12002	16.34353
9279	12002	14.73429
9280	12002	13.00098
9281	12047	13.46306
9282	12047	11.62764
9283	12047	10.6651
9284	12002	10.98948
9285	12002	8.274534
9286	12002	7.35357
9287	12002	9.175371
9288	12002	10.74942
9289	12002	10.52557
9290	12007	8.037724
9291	12002	8.466146
9292	12007	10.01702
9293	12047	9.992862
9294	12002	6.302882
9295	12002	7.657013
9296	12007	8.990707
9297	12007	4.263407
9298	12007	5.076554
9299	12004	3.305231
9300	12004	1.674222
9301	12047	7.193674
9302	12002	8.104681
9303	12002	1.361315
9304	12005	6.523722
9305	12004	7.630903
9306	12008	8.774483
9307	12003	12.91599
9308	12008	12.20426
9309	12005	10.87149
9310	12005	12.00787
9311	12008	11.83866
9312	12006	11.73851
9313	12006	11.04333
9314	12014	9.157393
9315	12001	10.95473
9316	12001	10.9912
9317	12013	9.920658
9318	12013	8.517816
9319	12001	6.68779
9320	12013	5.882286
9321	12013	7.863836
9322	12065	7.575256
9323	12065	3.990493
9324	12065	1.849146
9325	12065	2.338789
9326	12065	1.685209
9327	12013	5.051173
9328	12013	2.485287
9329	12001	2.475505
9330	12014	1.23867
9331	12014	5.918007
9332	12014	6.219152
9333	12014	3.742932
9334	12012	3.909957
9335	12012	2.747735
9336	12012	2.086722
9337	12014	8.220717
9338	12012	6.73906
9339	12012	7.441656
9340	12009	5.761964
9341	12010	6.15083
9342	12006	5.152866
9343	12008	2.800221
9344	12008	0.773222
9345	12008	3.684622
9346	12009	1.946123
9347	12009	2.580577
9348	12010	3.261425
9349	12010	4.449331
9350	12010	3.180446
9351	12011	2.335975
9352	12011	2.352459
10001	12004	27.05507
10002	12043	26.60223
10003	12043	26.96848
10004	12043	26.44176
10005	12043	27.12006
10006	12043	27.00792
10007	12043	27.08283
10008	12043	26.75721
10009	12043	27.32071
10010	12043	27.26161
10011	12043	27.43067
10012	12043	27.4009
10013	12043	27.58372
10014	12043	27.63799
10015	12043	27.33478
10016	12043	27.19814
10017	12043	27.23995
10018	12043	27.59464
10019	12043	27.32104
10020	12043	27.46742
10021	12043	27.62206
10022	12043	27.95378
10023	12043	27.95144
10024	12043	27.90987
10025	12043	27.79541
10026	12043	26.35877
10027	12043	25.97172
10028	12043	26.4468
10029	12043	26.08956
10030	12043	25.67172
10031	12043	25.44371
10032	12043	26.13559
10033	12043	25.1537
10034	12043	24.96517
10035	12043	25.4028
10036	12043	25.6704
10037	12043	25.84285
10038	12043	26.80484
10039	12043	27.17914
10040	12043	26.93978
10041	12043	27.07908
10042	12043	26.74502
10043	12043	26.49333
10044	12043	26.75549
10045	12043	26.23302
10046	12043	26.65968
10047	12043	27.68156
10048	12043	27.40693
10050	12043	27.11386
10051	12043	26.14303
10052	12043	25.71654
10053	12043	26.32231
10054	12043	25.79182
10055	12043	26.53994
10056	12043	26.86382
10057	12043	27.50819
10058	12043	27.86564
10059	12043	27.5606
10060	12043	27.88649
10061	12043	27.27492
10062	12043	27.73236
10063	12043	27.58758
10064	12043	28.13455
10065	12043	28.33977
10066	12043	28.30059
10067	12043	28.24447
10068	12002	28.22396
10069	12002	28.46609
10070	12043	28.08471
10071	12043	27.15064
10072	12043	27.47443
10073	12043	27.55726
10074	12043	27.57821
10075	12043	27.86028
10076	12002	28.39166
10077	12002	27.74231
10078	12002	28.15267
10079	12002	28.71812
10080	12002	28.29684
10081	12002	28.28949
10082	12043	27.96959
10083	12043	28.10106
10084	12043	27.30267
10085	12002	27.7141
10086	12047	27.79249
10087	12002	27.96254
10088	12002	27.64039
10089	12002	27.38552
10090	12002	27.2491
10091	12002	27.31602
10092	12002	27.50982
10093	12002	27.27909
10094	12002	26.71272
10095	12002	26.82759
10096	12002	26.93312
10097	12002	26.62779
10098	12002	27.07332
10099	12002	26.24533
10100	12002	26.43906
10101	12002	25.69487
10102	12002	26.23454
10103	12002	28.06412
10104	12043	28.18309
10105	12047	27.90101
10106	12047	28.08133
10107	12043	27.25575
10108	12047	27.02193
10109	12047	27.50915
10110	12047	27.32989
10111	12047	27.16764
10112	12047	27.39165
10113	12047	27.11312
10114	12047	26.89905
10115	12047	27.77596
10116	12047	27.63289
10117	12047	27.98522
10118	12047	28.02952
10119	12047	27.53534
10120	12047	27.7447
10121	12047	26.60693
10122	12047	26.64893
10123	12047	26.14475
10124	12047	26.08066
10125	12047	25.65348
10126	12047	26.80309
10127	12002	26.28143
10128	12002	26.36564
10129	12002	25.89181
10130	12002	25.35081
10131	12002	25.39353
10132	12002	25.33725
10133	12002	25.77211
10134	12002	25.06713
10135	12002	25.62206
10136	12047	25.21287
10137	12047	24.74736
10138	12047	24.32521
10139	12047	27.79184
10140	12047	27.52537
10141	12047	27.35724
10142	12047	27.93303
10143	12043	27.69847
10144	12043	27.62614
10145	12047	26.60361
10146	12047	26.94363
10147	12047	26.99511
10148	12047	27.0965
10149	12023	27.50865
10150	12023	26.99921
10152	12023	27.50301
10153	12023	25.66648
10154	12047	26.3816
10155	12023	26.65919
10156	12023	26.40567
10157	12023	26.24706
10158	12047	26.16238
10159	12047	25.94178
10160	12047	25.09054
10161	12047	25.46642
10162	12047	25.00436
10163	12047	25.54275
10164	12047	24.79943
10165	12047	24.6787
10166	12047	25.14128
10167	12023	25.16827
10168	12023	25.7047
10169	12023	25.2216
10170	12023	25.87243
10171	12023	25.3303
10174	12023	27.16239
10175	12043	27.48276
10176	12043	27.22546
10177	12043	27.53192
10178	12043	27.2673
10179	12043	26.94786
10180	12043	27.29763
10181	12043	26.83243
10183	12043	27.28098
10184	12023	27.3141
10185	12023	27.14012
10186	12023	26.98672
10187	12023	27.02028
10188	12023	26.69487
10189	12023	26.73498
10190	12023	26.83332
10191	12023	26.77392
10192	12043	26.81412
10193	12043	26.97387
10194	12025	27.08537
10195	12025	26.22203
10196	12023	26.05728
10197	12023	25.81594
10198	12023	26.2744
10199	12023	26.15545
10200	12023	26.47335
10201	12043	26.74986
10202	12043	26.19963
10203	12043	26.4902
10204	12043	26.09938
10205	12043	26.40005
10206	12043	26.18957
10207	12043	24.37483
10208	12043	24.62505
10209	12043	24.43857
10210	12043	24.75005
10211	12043	25.18248
10212	12043	25.88117
10213	12043	25.58185
10214	12043	25.25756
10215	12043	24.65002
10216	12043	24.89021
10217	12043	25.4453
10218	12043	25.59402
10219	12043	24.73615
10220	12043	25.06733
10221	12043	24.61383
10222	12043	24.95938
10223	12043	25.09319
10224	12043	25.39759
10225	12043	25.68794
10226	12043	25.45051
10227	12043	25.61318
10228	12043	25.97235
10229	12043	26.24963
10230	12043	25.91077
10231	12043	25.94294
10232	12043	26.42079
10233	12043	26.52014
10235	12043	26.09364
10236	12043	24.90777
10237	12043	25.44434
10238	12043	23.99511
10239	12043	23.24604
10240	12043	23.00798
10241	12043	23.7649
10242	12043	22.1316
10243	12043	21.808
10244	12043	21.24568
10245	12043	21.51892
10246	12043	22.46092
10247	12044	22.28992
10248	12043	22.48016
10249	12043	20.77775
10250	12043	20.86665
10251	12043	20.16023
10252	12044	20.14931
10253	12044	20.96681
10254	12044	21.57592
10255	12044	20.39728
10256	12044	20.5282
10257	12044	20.25646
10258	12061	21.05923
10259	12044	21.72202
10260	12044	22.24371
10261	12044	21.69693
10262	12061	22.37195
10263	12044	21.51842
10264	12044	22.19795
10265	12044	21.34772
10266	12044	22.96575
10267	12044	23.86285
10268	12043	23.52534
10269	12043	22.98031
10270	12043	23.67269
10271	12044	24.65431
10272	12043	24.7603
10273	12043	24.41619
10274	12043	25.4933
10275	12043	25.78632
10276	12043	24.81272
10277	12044	24.34911
10278	12044	25.66277
10279	12044	24.21811
10280	12044	23.56157
10281	12044	24.36884
10282	12044	23.6137
10283	12044	23.29118
10284	12044	22.9648
10285	12061	22.60842
10286	12061	22.674
10287	12061	23.51464
10288	12061	23.76456
10289	12061	24.2289
10290	12061	24.27978
10291	12061	26.09562
10292	12061	25.34186
10293	12061	25.35455
10294	12061	15.49323
10295	12047	26.02076
10296	12061	25.76566
10297	12065	24.79088
10298	12044	25.00487
10299	12044	25.84443
10300	12044	26.04971
10301	12044	26.00511
10302	12044	26.20769
10303	12044	26.64015
10304	12044	27.01841
10305	12044	26.71413
10306	12044	27.07296
10307	12044	27.63504
10308	12043	27.46404
10309	12065	27.61557
10310	12043	26.96582
10311	12043	27.20172
10312	12043	26.909
10313	12043	26.53857
10314	12043	26.5156
10315	12043	26.75542
10316	12043	26.1667
10317	12043	26.22447
10318	12043	26.57537
10319	12043	28.0332
10320	12043	28.32496
10321	12043	27.67094
10322	12065	26.93709
10323	12065	27.36657
10324	12065	26.8683
10325	12065	26.67939
10326	12065	26.89639
10327	12065	25.93339
10328	12065	26.08305
10329	12065	25.52168
10330	12065	25.04665
10331	12065	24.97536
10332	12065	24.29171
10333	12065	26.69413
10334	12065	25.62363
10335	12065	24.28406
10336	12065	24.91728
10337	12065	26.6214
10338	12065	26.12061
10339	12065	25.47119
10340	12065	26.4112
10341	12065	25.73617
10342	12065	25.23198
10343	12065	24.76156
10344	12065	24.30391
10345	12065	24.29562
10346	12065	23.65203
10347	12065	22.77611
10348	12065	22.38596
10349	12065	23.70387
10351	12065	22.89827
10352	12065	22.39329
10353	12065	27.09187
10354	12002	26.54443
10355	12002	26.88907
10356	12065	27.22006
10357	12065	27.1188
10358	12065	27.37267
10359	12065	26.75217
10360	12065	27.29138
10361	12065	27.27082
10362	12065	27.53731
10363	12065	27.66915
10364	12002	27.80805
10365	12065	28.03837
10366	12065	28.4543
10367	12065	26.73932
10368	12002	26.95379
10369	12002	26.60257
10370	12002	27.83986
10371	12065	26.28665
10372	12065	26.7351
10373	12065	26.56998
10374	12065	25.91314
10375	12065	25.75313
10376	12065	26.33055
10377	12065	25.66426
10378	12065	24.48014
10379	12065	23.42564
10380	12065	24.86268
10381	12065	24.89473
10382	12065	23.84228
10383	12065	23.73415
10384	12065	22.88943
10385	12065	22.89958
10386	12065	25.09109
10387	12002	24.91349
10388	12002	23.8874
10389	12002	24.6075
10390	12065	24.97533
10391	12065	25.77589
10392	12065	25.37395
10393	12065	23.78278
10394	12065	24.3874
10395	12065	24.10986
10396	12002	25.78427
10397	12002	25.52231
10398	12002	25.38799
10399	12002	25.21066
10400	12002	24.93453
10401	12002	25.01296
10402	12002	24.94681
10403	12002	25.48478
10404	12002	25.84063
10405	12002	26.14785
10406	12002	26.21297
10407	12002	26.10425
10408	12002	24.3029
10409	12002	24.4233
10410	12002	23.70047
10411	12002	23.5097
10412	12002	24.45191
10413	12002	23.39497
10414	12002	22.72185
10415	12002	22.75463
10416	12002	22.5246
10417	12002	21.58756
10418	12002	22.38602
10419	12002	20.80177
10420	12002	24.52357
10421	12002	23.93817
10422	12002	24.10952
10423	12002	24.46265
10424	12002	24.62006
10425	12002	24.83349
10426	12002	25.02707
10427	12002	23.39661
10428	12002	23.26902
10429	12047	23.63712
10430	12002	22.81214
10431	12047	22.73284
10432	12047	22.90296
10433	12047	24.28341
10434	12047	23.88122
10435	12047	23.4036
10436	12047	22.95562
10437	12047	22.52067
10438	12002	21.68189
10439	12002	22.13462
10440	12002	23.06269
10441	12002	22.74048
10442	12002	23.02856
10443	12002	21.99684
10444	12002	22.24997
10445	12002	23.31512
10446	12002	23.3529
10447	12002	22.75949
10448	12002	22.18238
10449	12002	22.69726
10450	12002	23.25285
10451	12002	23.39377
10452	12002	24.03834
10453	12002	23.76545
10454	12002	22.26714
10455	12002	22.31935
10456	12002	21.70028
10457	12002	21.78416
10458	12002	21.17526
10459	12002	21.15617
10460	12002	22.58916
10461	12002	21.39045
10462	12002	21.22783
10463	12002	21.46656
10464	12002	20.86021
10465	12002	19.90895
10466	12002	20.3147
10467	12002	21.08942
10468	12002	19.63857
10469	12047	20.1765
10470	12002	20.1575
10471	12002	19.24741
10472	12047	20.80036
10473	12002	20.05375
10474	12047	20.68881
10475	12047	21.65094
10476	12002	21.34559
10477	12047	22.47359
10478	12047	21.79372
10479	12047	21.57515
10480	12047	22.30924
10481	12047	23.94805
10482	12047	23.6647
10483	12047	23.50053
10484	12047	24.17507
10485	12047	23.66758
10486	12047	23.68367
10487	12047	23.9914
10488	12047	23.97915
10489	12047	24.23121
10490	12047	24.09868
10491	12047	24.27818
10492	12047	24.4754
10493	12047	24.64195
10494	12023	24.43443
10495	12023	24.80904
10496	12023	24.67925
10497	12047	24.20271
10498	12023	23.12442
10499	12047	22.81074
10500	12047	23.61899
10501	12047	23.34715
10502	12047	22.94487
10503	12023	22.53633
10504	12023	23.09946
10505	12023	22.63345
10506	12023	22.94001
10507	12023	23.90696
10508	12023	23.60559
10509	12023	23.94789
10510	12023	22.41392
10511	12047	22.43159
10512	12047	21.98369
10513	12047	21.53938
10514	12047	21.60235
10515	12047	21.5889
10516	12023	22.18237
10517	12023	21.3426
10518	12023	21.63272
10519	12023	22.13067
10520	12023	21.72175
10521	12023	22.04438
10522	12023	20.31993
10523	12023	21.05727
10524	12023	20.81211
10525	12023	20.53068
10526	12023	21.84382
10527	12023	20.94789
10528	12047	20.90785
10529	12047	20.59723
10530	12047	20.43089
10531	12047	19.62722
10532	12047	19.55487
10533	12047	19.39857
10534	12023	20.40058
10535	12023	19.42259
10536	12023	20.73543
10537	12023	20.15219
10538	12023	18.97362
10539	12023	19.07907
10540	12023	19.03479
10541	12023	19.60351
10542	12023	19.60739
10543	12023	20.0928
10544	12023	19.68661
10545	12023	19.72464
10546	12023	19.78611
10547	12025	23.31019
10548	12023	22.90514
10549	12023	22.43098
10550	12023	22.16798
10551	12023	22.81623
10552	12023	22.36614
10553	12023	21.68397
10554	12023	24.91283
10555	12023	24.52611
10556	12023	24.38045
10557	12023	23.70579
10558	12023	23.59112
10559	12023	23.47419
10560	12025	23.24697
10561	12025	22.71274
10562	12023	23.9776
10563	12023	23.60834
10564	12023	24.54493
10565	12023	20.63291
10566	12025	22.06098
10567	12025	20.97033
10568	12025	20.44832
10569	12025	21.05342
10570	12025	21.61213
10571	12025	22.22322
10572	12025	25.52643
10573	12025	24.70544
10574	12025	24.46482
10575	12025	25.4378
10576	12025	24.91695
10577	12025	24.53037
10578	12025	24.23546
10579	12025	24.62374
10580	12025	25.6347
10581	12025	24.96118
10582	12025	23.64376
10583	12025	23.34322
10584	12025	22.19351
10585	12025	22.57405
10586	12025	21.88898
10587	12025	23.49417
10588	12025	22.73058
10589	12025	23.59466
10590	12024	23.67907
10591	12036	24.56689
10592	12036	24.86983
10593	12036	24.17227
10594	12036	26.10808
10595	12025	26.72499
10596	12025	25.98001
10597	12043	26.21676
10598	12043	26.47667
10599	12043	25.9871
10600	12025	25.64667
10601	12043	24.80092
10602	12036	24.42005
10603	12036	24.79618
10604	12043	23.24922
10605	12036	23.59924
10606	12036	23.68417
10607	12036	23.30421
10608	12036	23.1073
10609	12036	25.12715
10610	12043	25.16016
10611	12043	25.58868
10612	12043	25.97335
10613	12043	25.40321
10614	12043	24.56224
10615	12043	24.75242
10616	12043	25.14957
10617	12043	25.49975
10618	12043	25.10775
10619	12043	25.38175
10620	12043	24.23428
10621	12043	24.18365
10622	12043	24.02111
10623	12043	24.09414
10624	12043	24.39804
10625	12043	23.98841
10626	12043	24.42344
10628	12043	23.48983
10629	12043	23.12588
10630	12043	23.63305
10631	12043	23.25375
10632	12036	23.80804
10633	12043	23.25272
10634	12043	22.78233
10635	12043	22.68393
10636	12043	23.9404
10637	12043	24.54216
10638	12043	24.67915
10639	12043	23.63116
10640	12043	24.44784
10641	12043	22.87078
10642	12043	21.69129
10643	12043	22.31374
10644	12043	22.75959
10645	12043	22.69225
10646	12043	23.41754
10647	12043	24.00813
10648	12043	23.28528
10649	12043	22.21427
10650	12043	22.39356
10651	12043	21.69887
10652	12043	21.161
10653	12043	20.34814
10654	12043	21.30549
10656	12043	22.24481
10657	12043	20.07747
10658	12043	20.73924
10659	12043	19.84115
10660	12043	20.18541
10661	12043	23.21881
10662	12043	23.25284
10663	12043	23.7517
10664	12043	23.59906
10665	12043	24.06445
10666	12043	24.08795
10667	12043	24.39956
10668	12043	23.69338
10669	12043	24.15943
10670	12043	23.32056
10671	12043	22.64983
10672	12043	22.21159
10673	12043	22.64642
10674	12043	21.06763
10675	12043	21.85107
10676	12043	21.46754
10677	12043	21.33437
10678	12043	20.25686
10679	12043	20.19873
10680	12043	21.44299
10681	12043	21.093
10682	12043	20.62937
10683	12043	20.62533
10684	12043	20.02252
10685	12043	19.49877
10686	12043	19.15648
10687	12043	19.25454
10688	12043	18.78234
10689	12043	18.16294
10690	12043	18.6164
10691	12043	17.55284
10692	12043	17.50225
10693	12043	22.92718
10694	12043	22.29903
10695	12043	23.05469
10696	12043	23.78033
10697	12043	23.86447
10698	12043	21.1926
10699	12043	20.46319
10700	12043	21.23959
10701	12043	22.14471
10702	12043	21.9973
10703	12043	20.53681
10704	12043	19.07653
10705	12043	18.87629
10706	12043	19.76183
10707	12043	19.74498
10708	12043	19.6358
10709	12043	17.53208
10710	12043	17.61592
10711	12043	18.3868
10712	12043	17.96694
10713	12043	18.43034
10714	12043	24.09607
10715	12043	23.7933
10716	12043	24.03498
10717	12043	23.33316
10718	12043	23.46803
10719	12043	24.09912
10720	12043	24.34973
10721	12043	22.44955
10722	12043	22.86741
10723	12043	22.80004
10724	12043	23.45074
10725	12043	21.01158
10726	12043	20.96527
10727	12043	21.73412
10728	12043	20.5891
10729	12043	20.3692
10730	12043	21.61485
10731	12043	18.90259
10732	12043	19.43633
10733	12043	19.29594
10734	12043	20.14267
10735	12043	21.22782
10736	12043	21.04555
10737	12043	21.73056
10738	12043	21.93795
10739	12043	20.81278
10740	12043	20.59368
10741	12043	19.81254
10742	12043	20.11452
10743	12043	19.16541
10744	12043	19.46704
10745	12043	19.75181
10746	12043	18.18488
10747	12044	19.05782
10748	12044	18.5154
10749	12044	19.10695
10750	12044	19.6617
10751	12044	18.48067
10752	12044	19.36387
10753	12044	19.49823
10754	12044	18.68327
10755	12044	18.94456
10756	12061	19.55534
10757	12061	14.90031
10758	12044	14.64197
10759	12044	15.68893
10760	12044	15.14217
10761	12044	16.01786
10762	12044	16.86125
10763	12044	17.03207
10764	12044	15.55974
10765	12044	15.00612
10766	12044	16.48368
10767	12061	17.27721
10768	12061	17.88847
10769	12061	16.98557
10770	12061	18.19152
10771	12061	18.02481
10772	12044	17.78624
10773	12044	17.27531
10774	12044	17.40737
10775	12044	16.29889
10776	12044	16.08179
10777	12044	16.83121
10778	12044	16.37218
10779	12044	13.31416
10781	12044	14.19557
10782	12044	12.98234
10784	12044	13.91
10785	12044	14.79026
10786	12061	15.0013
10787	12061	13.8561
10788	12061	15.40987
10789	12061	12.46274
10790	12061	12.7227
10791	12061	13.33672
10792	12061	13.88172
10793	12061	13.46966
10794	12061	11.60422
10795	12044	12.50313
10796	12044	12.37601
10797	12044	11.94433
10798	12044	10.67593
10799	12044	11.08899
10800	12044	11.5184
10801	12061	11.70349
10802	12061	12.44354
10803	12061	12.26281
10804	12044	11.22415
10805	12044	10.95805
10806	12044	22.78153
10807	12065	22.14749
10808	12065	22.52159
10809	12065	21.37308
10810	12065	21.92013
10811	12065	21.14855
10812	12065	19.90222
10813	12065	21.58223
10814	12065	20.25292
10815	12065	20.73901
10816	12065	21.16433
10817	12065	20.48912
10818	12065	19.17105
10819	12065	19.93316
10820	12065	19.45898
10821	12065	20.20347
10822	12065	19.86469
10823	12065	20.32591
10824	12065	18.82564
10825	12065	18.96356
10826	12065	19.12801
10827	12065	18.20136
10828	12065	17.92291
10829	12065	17.95815
10830	12065	17.27783
10831	12065	16.96953
10832	12065	16.76524
10833	12065	16.50785
10834	12065	16.48055
10835	12065	18.046
10836	12065	22.23711
10837	12065	21.45021
10838	12065	21.1174
10839	12065	22.92663
10840	12065	22.28707
10841	12065	22.00225
10842	12065	22.52522
10843	12065	20.47788
10844	12065	19.88007
10845	12065	18.92802
10846	12065	18.88207
10847	12065	19.24828
10848	12065	19.55954
10849	12065	22.12612
10850	12013	21.42434
10851	12065	21.0622
10852	12013	20.11697
10853	12065	23.88161
10854	12002	23.06883
10855	12007	22.49018
10856	12007	23.48849
10857	12065	22.70476
10858	12007	21.94595
10859	12002	21.01866
10860	12007	21.57398
10861	12007	20.99479
10862	12004	21.51348
10863	12007	20.70541
10864	12007	20.41278
10865	12007	20.99107
10866	12007	21.69002
10867	12002	20.14765
10868	12007	20.06581
10869	12007	19.49005
10870	12007	19.39459
10871	12007	20.28094
10872	12002	20.50472
10873	12002	19.80043
10874	12002	18.71491
10875	12002	18.91326
10876	12002	19.09164
10877	12002	17.86437
10878	12002	20.64891
10879	12002	19.9955
10880	12002	19.5623
10881	12002	19.02931
10882	12002	18.92206
10883	12002	18.25327
10884	12002	16.91501
10885	12002	17.66564
10886	12002	17.11567
10887	12002	17.59178
10888	12002	18.34326
10889	12002	16.17371
10890	12002	16.15833
10891	12002	17.65339
10892	12002	17.63214
10893	12002	17.09506
10894	12002	17.80776
10895	12047	17.82756
10896	12047	18.58069
10897	12047	18.52594
10898	12002	18.1962
10899	12002	19.1584
10900	12002	18.8682
10901	12002	18.1855
10902	12047	16.39172
10903	12002	15.84751
10904	12002	15.29663
10905	12002	17.24662
10906	12047	16.86824
10907	12047	17.59953
10908	12023	17.51607
10909	12047	18.74514
10910	12047	18.98768
10911	12047	18.42267
10912	12047	18.7443
10913	12047	18.24119
10914	12047	17.74569
10915	12023	18.63871
10916	12023	18.5793
10917	12023	17.75588
10918	12047	16.74197
10919	12023	17.0037
10920	12023	16.86823
10921	12047	16.24069
10922	12047	16.51104
10923	12047	17.09208
10924	12047	16.66358
10925	12047	17.07885
10926	12047	16.22707
10927	12023	14.47851
10928	12047	16.60505
10929	12047	14.97874
10930	12047	14.0938
10931	12047	15.63564
10932	12023	15.29417
10933	12047	15.60834
10934	12047	14.97002
10935	12047	17.22111
10936	12023	18.60936
10937	12023	18.02551
10938	12023	17.69419
10939	12023	19.10202
10940	12025	18.6646
10941	12023	19.95139
10942	12025	19.59787
10943	12025	20.61814
10944	12025	21.30311
10945	12025	21.17837
10946	12025	19.3004
10947	12025	19.64804
10948	12025	18.8627
10949	12024	18.04882
10950	12024	18.62803
10951	12025	20.0639
10952	12024	18.67385
10953	12024	17.74952
10954	12024	18.26406
10955	12024	18.5324
10956	12024	17.02319
10957	12024	17.02651
10958	12024	17.38084
10959	12024	16.19458
10960	12024	19.91428
10961	12024	21.7146
10962	12024	20.7801
10963	12024	20.25688
10964	12024	19.21748
10965	12024	22.08722
10966	12036	20.34876
10967	12036	21.24872
10968	12024	22.76298
10969	12024	22.72885
10970	12036	23.24244
10971	12036	23.2651
10972	12036	18.90561
10973	12043	17.78153
10974	12043	18.45882
10975	12043	18.0273
10976	12044	17.46675
10977	12043	18.39398
10978	12043	18.0955
10979	12043	18.57564
10980	12043	17.15566
10981	12043	17.65046
10982	12043	15.91375
10983	12043	16.20637
10984	12043	18.35399
10985	12043	16.55663
10986	12043	17.63092
10987	12043	14.75474
10988	12043	15.37858
10989	12043	15.61921
10990	12043	13.02876
10991	12043	13.93996
10992	12043	14.39369
10993	12043	14.30173
10994	12043	14.37288
10995	12043	13.67186
10996	12044	15.11034
10997	12043	14.16302
10998	12044	15.07637
10999	12044	14.81551
11000	12044	15.63718
11001	12044	16.04863
11002	12044	15.99813
11003	12044	15.78156
11004	12044	16.22621
11005	12044	16.80721
11006	12044	16.9279
11007	12044	12.18214
11008	12044	13.05353
11009	12044	13.06553
11010	12043	12.16702
11011	12043	11.79264
11012	12044	12.29862
11013	12044	11.58779
11014	12044	12.77256
11015	12044	13.45041
11016	12044	12.81186
11017	12044	11.62729
11018	12044	13.68276
11019	12044	10.78561
11020	12044	11.53113
11021	12044	10.48419
11022	12044	10.48476
11023	12044	10.33674
11024	12044	11.15516
11025	12044	27.59647
11026	12043	26.75733
11027	12023	26.14618
11028	12023	24.1386
11029	12023	23.3254
11030	12023	22.2671
11031	12023	21.06841
11032	12023	20.14084
11033	12023	27.28053
11034	12043	26.93639
11035	12043	26.86169
11036	12043	27.52265
11037	12043	26.99677
11038	12043	26.49401
11039	12044	26.06779
11040	12044	25.76333
11041	12044	25.38886
11042	12044	25.26252
11043	12044	24.73827
11044	12061	24.15169
11045	12043	25.10289
11046	12061	23.44329
11047	12061	23.0725
11048	12061	22.90724
11049	12061	21.80714
11050	12043	18.89187
11051	12044	16.67003
11052	12044	13.99856
11053	12044	12.15932
11054	12044	26.5919
11055	12043	25.8799
11056	12043	24.81221
11057	12043	23.79908
11058	12043	23.5273
11059	12036	26.85245
11060	12002	26.00981
11061	12002	25.3483
11062	12002	23.82391
11063	12002	22.12995
11064	12002	20.89216
11065	12002	20.37271
11066	12007	20.86932
11067	12002	19.84751
11068	12007	24.99955
