TAZ      PUMANO
        1                10
        2                10
        3                10
        4                10
        5                10
        6                10
        7                10
        8                10
        9                10
       10                10
       11                10
       12                10
       13                10
       14                10
       15                10
       16                10
       17                10
       18                10
       19                10
       20                10
       21                10
       22                10
       23                10
       24                10
       25                10
       26                10
       27                10
       28                10
       29                10
       30                10
       31                10
       32                10
       33                10
       34                10
       35                10
       36                10
       37                10
       38                10
       39                10
       40                10
       41                10
       42                10
       43                10
       44                10
       45                10
       46                10
       47                10
       48                10
       49                10
       50                10
       51                10
       52                10
       53                10
       54                10
       55                10
       56                10
       57                10
       58                10
       59                10
       60                10
       61                10
       62                10
       63                10
       64                10
       65                10
       66                10
       67                10
       68                10
       69                10
       70                10
       71                10
       72                10
       73                10
       74                10
       75                10
       76                10
       77                10
       78                10
       79                10
       80                10
       81                10
       82                10
       83                10
       84                10
       85                10
       86                10
       87                10
       88                10
       89                10
       90                10
       91                10
       92                10
       93                10
       94                10
       95                10
       96                10
       97                10
       98                10
       99                10
      100                10
      101                10
      102                10
      103                10
      104                10
      105                10
      106                10
      107                10
      108                10
      109                10
      110                10
      111                10
      112                10
      113                10
      114                10
      115                10
      116                10
      117                10
      118                10
      119                10
      120                10
      122                10
      123                10
      124                10
      125                10
      126                10
      127                10
      128                10
      129                10
      130                10
      131                10
      132                10
      133                10
      134                10
      135                10
      136                10
      137                10
      138                10
      139                10
      140                10
      141                10
      142                10
      143                10
      144                10
      145                10
      146                10
      147                10
      148                10
      149                10
      150                10
      151                10
      152                10
      153                10
      154                10
      155                10
      156                10
      157                10
      158                10
      159                10
      160                10
      161                10
      162                10
      163                10
      164                10
      165                10
      166                10
      167                10
      169                10
      170                10
      171                10
      172                10
      173                10
      174                10
      175                10
      176                10
      177                10
      178                10
      179                10
      180                10
      181                10
      182                10
      183                10
      184                10
      185                10
      186                10
      187                10
      188                10
      189                10
      190                10
      191                10
      192                10
      193                10
      194                10
      195                10
      196                10
      197                10
      198                10
      199                10
      200                10
      201                10
      202                10
      203                10
      204                10
      205                10
      206                10
      207                10
      208                10
      209                10
      210                10
      211                10
      212                10
      213                10
      214                10
      215                10
      216                10
      217                10
      219                10
      220                10
      221                10
      222                10
      223                10
      224                10
      225                10
      226                10
      227                10
      228                10
      229                10
      230                10
      231                10
      232                10
      233                10
      234                10
      235                10
      236                10
      237                10
      238                10
      239                10
      240                10
      241                10
      242                10
      243                10
      244                10
      245                10
      246                10
      247                10
      248                10
      249                10
      250                10
      251                10
      252                10
      253                10
      254                10
      255                10
      256                10
      257                10
      258                10
      259                10
      260                10
      261                10
      262                10
      263                10
      264                10
      265                10
      266                10
      267                10
      268                10
      269                10
      270                10
      271                10
      272                10
      273                10
      274                10
      275                10
      276                10
      277                10
      278                10
      279                10
      280                10
      281                10
      282                10
      283                10
      284                10
      285                10
      286                10
      287                10
     1001                 9
     1002                 9
     1003                 9
     1004                 9
     1005                 9
     1006                 9
     1007                 9
     1008                 9
     1009                 9
     1010                 9
     1011                 9
     1012                 9
     1013                 9
     1014                 9
     1015                 9
     1016                 9
     1017                 9
     1018                 9
     1019                 9
     1020                 9
     1021                 9
     1022                 9
     1023                 9
     1024                 9
     1025                 9
     1026                 9
     1027                 9
     1028                 9
     1029                 9
     1030                 9
     1031                 9
     1032                 9
     1033                 9
     1034                 9
     1035                 9
     1036                 9
     1037                 9
     1038                 9
     1039                 9
     1040                 9
     1041                 9
     1042                 9
     1043                 9
     1044                 9
     1045                 9
     1046                 9
     1047                 9
     1048                 9
     1049                 9
     1050                 9
     1051                 9
     1052                 9
     1053                 9
     1054                 9
     1055                 9
     1056                 9
     1057                 9
     1058                 9
     1059                 9
     1060                 9
     1061                 9
     1062                 9
     1063                 9
     1064                 9
     1065                 9
     1066                 9
     1067                 9
     1068                 9
     1069                 9
     1070                 9
     1071                 9
     1072                 9
     1073                 9
     1074                 9
     1075                 9
     1076                 9
     1077                 9
     1078                 9
     1079                 9
     1080                 9
     1081                 9
     1082                 9
     1083                 9
     1084                 9
     1085                 9
     1086                 9
     1087                 9
     1088                 9
     1089                 9
     1090                 9
     1091                 9
     1092                 9
     1093                 9
     1094                 9
     1095                 9
     1096                 9
     1097                 9
     1098                 9
     1099                 9
     1100                 9
     1101                 9
     1102                 9
     1103                 9
     1104                 9
     1105                 9
     1106                 9
     1107                 9
     1108                 9
     1109                 9
     1110                 9
     1111                 9
     1112                 9
     1113                 9
     1114                 9
     1115                 9
     1116                 9
     1117                 9
     1118                 9
     1119                 9
     1120                 9
     1121                 9
     1122                 9
     1123                 9
     1124                 9
     1125                 9
     1126                 9
     1127                 9
     1128                 9
     1129                 9
     1130                 9
     1131                 9
     1132                 9
     1133                 9
     1134                 9
     1135                 9
     1136                 9
     1137                 9
     1138                 9
     1139                 9
     1140                 9
     1141                 9
     1142                 9
     1143                 9
     1144                 9
     1145                 9
     1146                 9
     1147                 9
     1148                 9
     1149                 9
     1150                 9
     1151                 9
     1152                 9
     1153                 9
     1154                 9
     1155                 9
     1156                 9
     1157                 9
     1158                 9
     1159                 9
     1160                 9
     1161                 9
     1162                 9
     1163                 9
     1164                 9
     1165                 9
     1166                 9
     1167                 9
     1168                 9
     1169                 9
     1170                 9
     1171                 9
     1172                 9
     1173                 9
     1174                 9
     1175                 9
     1176                 9
     1177                 9
     1178                 9
     1179                 9
     1180                 9
     1181                 9
     1182                 9
     1183                 9
     1184                 9
     1185                 9
     1186                 9
     1187                 9
     1188                 9
     1189                 9
     1190                 9
     1191                 9
     1192                 9
     1193                 9
     1194                 9
     1195                 9
     1196                 9
     1197                 9
     1198                 9
     1199                 9
     1200                 9
     1201                 9
     1202                 9
     1203                 9
     1204                 9
     1205                 9
     1206                 9
     1207                 9
     1208                 9
     1209                 9
     1210                 9
     1211                 9
     2001                 8
     2002                 8
     2003                 8
     2004                 8
     2005                 8
     2006                 8
     2007                 8
     2008                 8
     2009                 8
     2010                 8
     2011                 8
     2012                 8
     2013                 8
     2014                 8
     2015                 8
     2016                 8
     2017                 8
     2018                 8
     2019                 8
     2020                 8
     2021                 8
     2022                 8
     2023                 8
     2024                 8
     2025                 8
     2026                 8
     2027                 8
     2028                 8
     2029                 8
     2030                 8
     2031                 8
     2032                 8
     2033                 8
     2034                 8
     2035                 8
     2036                 8
     2037                 8
     2038                 8
     2039                 8
     2040                 8
     2041                 8
     2042                 8
     2043                 8
     2044                 8
     2045                 8
     2046                 8
     2047                 8
     2048                 8
     2049                 8
     2050                 8
     2051                 8
     2052                 8
     2053                 8
     2054                 8
     2055                 8
     2056                 8
     2057                 8
     2058                 8
     2059                 8
     2060                 8
     2061                 8
     2062                 8
     2063                 8
     2064                 8
     2065                 8
     2066                 8
     2067                 8
     2068                 8
     2069                 8
     2070                 8
     2071                 8
     2072                 8
     2073                 8
     2074                 8
     2075                 8
     2076                 8
     2077                 8
     2078                 8
     2079                 8
     2080                 8
     2081                 8
     2082                 8
     2083                 8
     2084                 8
     2085                 8
     2086                 8
     2087                 8
     2088                 8
     2089                 8
     2090                 8
     2091                 8
     2092                 8
     2093                 8
     2094                 8
     2095                 8
     2096                 8
     2097                 8
     2098                 8
     2099                 8
     2100                 8
     2101                 8
     2102                 8
     2103                 8
     2104                 8
     2105                 8
     2106                 8
     2107                 8
     2108                 8
     2109                 8
     2110                 8
     2111                 8
     2112                 8
     2113                 8
     2114                 8
     2115                 8
     2116                 8
     2117                 8
     2118                 8
     2119                 8
     2120                 8
     2121                 8
     2122                 8
     2123                 8
     2124                 8
     2125                 8
     2126                 8
     2127                 8
     2128                 8
     2129                 8
     2130                 8
     2131                 8
     2132                 8
     2133                 8
     2134                 8
     2135                 8
     2136                 8
     2137                 8
     2138                 8
     2139                 8
     2140                 8
     2141                 8
     2142                 8
     2143                 8
     2144                 8
     2145                 8
     2146                 8
     2147                 8
     2148                 8
     2149                 8
     2150                 8
     2151                 8
     2152                 8
     2153                 8
     2154                 8
     2155                 8
     2156                 8
     2157                 8
     2158                 8
     2159                 8
     2160                 8
     2161                 8
     2162                 8
     2163                 8
     2164                 8
     2165                 8
     2166                 8
     2167                 8
     2168                 8
     2169                 8
     2170                 8
     2171                 8
     2172                 8
     2173                 8
     2174                 8
     2175                 8
     2176                 8
     2177                 8
     2178                 8
     2179                 8
     2180                 8
     2181                 8
     2182                 8
     2183                 8
     2184                 8
     2185                 8
     2186                 8
     2187                 8
     2188                 8
     2189                 8
     2190                 8
     2191                 8
     2192                 8
     2193                 8
     2194                 8
     2195                 8
     2196                 8
     2197                 8
     2198                 8
     2199                 8
     2200                 8
     2201                 8
     2202                 8
     2203                 8
     2204                 8
     2205                 8
     2206                 8
     2207                 8
     2208                 8
     2209                 8
     2210                 8
     2211                 8
     2212                 8
     2213                 8
     2214                 8
     2215                 8
     2216                 8
     2217                 8
     2218                 8
     2219                 8
     2220                 8
     2221                 8
     2222                 8
     2223                 8
     2224                 8
     2225                 8
     2226                 8
     2227                 8
     2228                 8
     2229                 8
     2230                 8
     2231                 8
     2232                 8
     2233                 8
     2234                 8
     2235                 8
     2236                 8
     2237                 8
     2238                 8
     2239                 8
     2240                 8
     3001                14
     3002                14
     3003                14
     3004                14
     3005                14
     3006                14
     3007                14
     3008                14
     3009                14
     3010                14
     3011                14
     3012                14
     3013                14
     3014                14
     3015                14
     3016                14
     3017                14
     3018                14
     3019                14
     3020                14
     3021                14
     3022                14
     3023                14
     3024                14
     3025                14
     3026                14
     3027                14
     3028                14
     3029                14
     3030                14
     3031                14
     3032                14
     3033                14
     3034                14
     3035                14
     3036                14
     3037                14
     3038                14
     3039                14
     3040                14
     3041                14
     3042                14
     3043                14
     3044                14
     3045                14
     3046                14
     3047                14
     3048                14
     3049                14
     3050                14
     3051                14
     3052                14
     3053                14
     3054                14
     3055                14
     3056                14
     3057                14
     3058                14
     3059                14
     3060                14
     3061                14
     3062                14
     3063                14
     3064                14
     3065                14
     3066                14
     3067                14
     3068                14
     3069                14
     3070                14
     3071                14
     3072                14
     3073                14
     3074                14
     3075                14
     3076                14
     3077                14
     3078                14
     3079                14
     3080                14
     3081                14
     3082                14
     3083                14
     3084                14
     3085                14
     3086                14
     3087                14
     3088                14
     3089                14
     3090                14
     3091                14
     3092                14
     3093                14
     3094                14
     3095                14
     3096                14
     3097                14
     3098                14
     3099                14
     3100                14
     3101                14
     3102                14
     3103                14
     3104                14
     3105                14
     3106                14
     3107                14
     3108                14
     3109                14
     3110                14
     3111                14
     3112                14
     3113                14
     3114                14
     3115                14
     3116                14
     3117                14
     3118                14
     3119                14
     3120                14
     3121                14
     3122                14
     3123                14
     3124                14
     3125                14
     3126                14
     3127                14
     3128                14
     3129                14
     3130                14
     3131                14
     3132                14
     3133                14
     3134                14
     3135                14
     3136                14
     3137                14
     3138                14
     3139                14
     3140                14
     3141                14
     3142                14
     3143                14
     3144                14
     3145                14
     3146                14
     3147                14
     3148                14
     3149                14
     3150                14
     3151                14
     3152                14
     3153                14
     3154                14
     3155                14
     3156                14
     3157                14
     3158                14
     3159                14
     3160                14
     3161                14
     3162                14
     3163                14
     3164                14
     3165                14
     3166                14
     3167                14
     3168                14
     3169                14
     3170                14
     3171                14
     3172                14
     3173                14
     3174                14
     3175                14
     3176                14
     3177                14
     3178                14
     3179                14
     3180                14
     3181                14
     3182                14
     3183                14
     3184                14
     3185                14
     3186                14
     3187                14
     3188                14
     3189                14
     3190                14
     3191                14
     3192                14
     3193                14
     3194                14
     3195                14
     3196                14
     3197                14
     3198                14
     3199                14
     3200                14
     3201                14
     3202                14
     3203                14
     3204                14
     3205                14
     3206                14
     3207                14
     3208                14
     3209                14
     3210                14
     3211                14
     3212                14
     3213                14
     3214                14
     3215                14
     3216                14
     3217                14
     3218                14
     3219                14
     3220                14
     3221                14
     3222                14
     3223                14
     3224                14
     3225                14
     3226                14
     3227                14
     3228                14
     3229                14
     3230                14
     3231                14
     3232                14
     3233                14
     3234                14
     3235                14
     3236                14
     3237                14
     3238                14
     3239                14
     3240                14
     3241                14
     3242                14
     3243                14
     3244                14
     3245                14
     3246                14
     3247                14
     3248                14
     3249                14
     3250                14
     3251                14
     3252                14
     3253                14
     3254                14
     3255                14
     3256                14
     3257                14
     3258                14
     3259                14
     3260                14
     3261                14
     3262                14
     3263                14
     3264                14
     3265                14
     3266                14
     3267                14
     3268                14
     3269                14
     3270                14
     3271                14
     3272                14
     3273                14
     3274                14
     3275                14
     3276                14
     3277                14
     3278                14
     3279                14
     3280                14
     3281                14
     3282                14
     3283                14
     3284                14
     3285                14
     3286                14
     3287                14
     3288                14
     3289                14
     3290                14
     3291                14
     3292                14
     3293                14
     3294                14
     3295                14
     3296                14
     4001                 1
     4002                 1
     4003                 1
     4004                 1
     4005                 1
     4006                 1
     4007                 1
     4008                 1
     4009                 1
     4010                 1
     4011                 1
     4012                 1
     4013                 1
     4014                 1
     4015                 1
     4016                 1
     4017                 1
     4018                 1
     4019                 1
     4020                 1
     4021                 1
     4022                 1
     4023                 1
     4024                 1
     4025                 1
     4026                 1
     4027                 1
     4028                 1
     4029                 1
     4030                 1
     4031                 1
     4032                 1
     4033                 1
     4034                 1
     4035                 1
     4036                 1
     4037                 1
     4038                 1
     4039                 1
     4040                 1
     4041                 1
     4042                 1
     4043                 1
     4044                 1
     4045                 1
     4046                 1
     4047                 1
     4048                 1
     4049                 1
     4050                 1
     4051                 1
     4052                 1
     4053                 1
     4054                 1
     4055                 1
     4056                 1
     4057                 1
     4058                 1
     4059                 1
     4060                 1
     4061                 1
     4062                 1
     4063                 1
     4064                 1
     4065                 1
     4066                 1
     4067                 1
     4068                 1
     4069                 1
     4070                 1
     4071                 1
     4072                 1
     4073                 1
     4074                 1
     4075                 1
     4076                 1
     4077                 1
     4078                 1
     4079                 1
     4080                 1
     4081                 1
     4082                 1
     4083                 1
     4084                 1
     4085                 1
     4086                 1
     4087                 1
     4088                 1
     4089                 1
     4090                 1
     4091                 1
     4092                 1
     4093                 1
     4094                 1
     4095                 1
     4096                 1
     4097                 1
     4098                 1
     4099                 1
     4100                 1
     4101                 1
     4102                 1
     4103                 1
     4104                 1
     4105                 1
     4106                 1
     4107                 1
     4108                 1
     4109                 1
     4110                 1
     4111                 1
     4112                 1
     4113                 1
     4114                 1
     4115                 1
     4116                 1
     4117                 1
     4118                 1
     4119                 1
     4120                 1
     4121                 1
     4122                 1
     4123                 1
     4124                 1
     4125                 1
     4126                 1
     4127                 1
     4128                 1
     4129                 1
     4130                 1
     4131                 1
     4132                 1
     4133                 1
     4134                 1
     4135                 1
     4136                 1
     4137                 1
     4138                 1
     4139                 1
     4140                 1
     4141                 1
     4142                 1
     4143                 1
     4144                 1
     4145                 1
     4146                 1
     4147                 1
     4148                 1
     4149                 1
     4150                 1
     4151                 1
     4152                 1
     4153                 1
     4154                 1
     5006                12
     5007                12
     5008                12
     5009                12
     5010                12
     5011                12
     5012                12
     5013                12
     5014                12
     5015                12
     5016                12
     5017                12
     5018                12
     5019                12
     5020                12
     5021                12
     5022                12
     5023                12
     5024                12
     5025                12
     5026                12
     5027                12
     5028                12
     5029                12
     5030                12
     5031                12
     5032                12
     5033                12
     5034                12
     5035                12
     5036                12
     5037                12
     5038                12
     5039                12
     5040                12
     5041                12
     5042                12
     5043                12
     5044                12
     5045                12
     5046                12
     5047                12
     5048                12
     5049                12
     5050                12
     5051                12
     5052                12
     5053                12
     5054                12
     5055                12
     5056                12
     5057                12
     5058                12
     5059                12
     5060                12
     5061                12
     5062                12
     5063                12
     5064                12
     5065                12
     5066                12
     5067                12
     5068                12
     5069                12
     5070                12
     5071                12
     5072                12
     5073                12
     5074                12
     5075                12
     5076                12
     5077                12
     6001                 8
     6002                 8
     6003                 8
     6004                 8
     6005                 8
     6006                 8
     6007                 8
     6008                 8
     6009                 8
     6010                 8
     6011                 8
     6012                 8
     6013                 8
     6014                 8
     6015                 8
     6016                 8
     6017                 8
     6018                 8
     6019                 8
     6020                 8
     6021                 8
     6022                 8
     6023                 8
     6024                 8
     6025                 8
     6026                 8
     6027                 8
     6028                 8
     6029                 8
     6030                 8
     6031                 8
     6032                 8
     6033                 8
     6034                 8
     6035                 8
     6036                 8
     6037                 8
     6038                 8
     6039                 8
     6040                 8
     6041                 8
     6042                 8
     6043                 8
     6044                 8
     6045                 8
     6046                 8
     6047                 8
     6048                 8
     6049                 8
     6050                 8
     6051                 8
     6052                 8
     6053                 8
     6054                 8
     6055                 8
     6056                 8
     6057                 8
     6058                 8
     6059                 8
     6060                 8
     6061                 8
     6062                 8
     6063                 8
     6064                 8
     6065                 8
     6066                 8
     6067                 8
     6068                 8
     6069                 8
     6070                 8
     6071                 8
     6072                 8
     6073                 8
     6074                 8
     6075                 8
     6076                 8
     6077                 8
     6078                 8
     6079                 8
     6080                 8
     6081                 8
     6082                 8
     6083                 8
     6084                 8
     6085                 8
     6086                 8
     6087                 8
     6088                 8
     6089                 8
     6090                 8
     6091                 8
     6092                 8
     6093                 8
     6094                 8
     6095                 8
     6096                 8
     7001                15
     7002                15
     7003                15
     7004                15
     7005                15
     7006                15
     7007                15
     7008                15
     7009                15
     7010                15
     7011                15
     8001                13
     8002                13
     8003                13
     8004                13
     8005                13
     8006                13
     8007                13
     8008                13
     8009                13
     8010                13
     8011                13
     8012                13
     8013                13
     8014                13
     8015                13
     8016                13
     8017                13
     8018                13
     8019                13
     8020                13
     8021                13
     8022                13
     8023                13
     8024                13
     8025                13
     8026                13
     8027                13
     8028                13
     8029                13
     8030                13
     8031                13
     8032                13
     8033                13
     8034                13
     8035                13
     8036                13
     8037                13
     8038                13
     8039                13
     8040                13
     8041                13
     8042                13
     8043                13
     8044                13
     8045                13
     8046                13
     8047                13
     8048                13
     8049                13
     8050                13
     8051                13
     8052                13
     8053                13
     8054                13
     8055                13
     8056                13
     8057                13
     8058                13
     8059                13
     8060                13
     8061                13
     8062                13
     8063                13
     8064                13
     8065                13
     8066                13
     8067                13
     8068                13
     8069                13
     8070                13
     8071                13
     8072                13
     8073                13
     8074                13
     8075                13
     8076                13
     8077                13
     8078                13
     8079                13
     8080                13
     8081                13
     8082                13
     8083                13
     8084                13
     8085                13
     8086                13
     8087                13
     8088                13
     8089                13
     8090                13
     8091                13
     8092                13
     8093                13
     8094                13
     8095                13
     8096                13
     8097                13
     8098                13
     8099                13
     8100                13
     8101                13
     8102                13
     8103                13
     8104                13
     8105                13
     8106                13
     8107                13
     8108                13
     8109                13
     8110                13
     8111                13
     8112                13
     8113                13
     8114                13
     8115                13
     8116                13
     8117                13
     8118                13
     8119                13
     8120                13
     8121                13
     8122                13
     8123                13
     8124                13
     8125                13
     8126                13
     8127                13
     8128                13
     8129                13
     8130                13
     8131                13
     8132                13
     8133                13
     8134                13
     8135                13
     8136                13
     8137                13
     8138                13
     8139                13
     8140                13
     8141                13
     8142                13
     8143                13
     8144                13
     8145                13
     8146                13
     8147                13
     8148                13
     8149                13
     8150                13
     8151                13
     8152                13
     8153                13
     8154                13
     8155                13
     8156                13
     8157                13
     8158                13
     8159                13
     8160                13
     8161                13
     9001                11
     9002                11
     9003                11
     9004                11
     9005                11
     9006                11
     9007                11
     9008                11
     9009                11
     9010                11
     9011                11
     9012                11
     9013                11
     9014                11
     9015                11
     9016                11
     9017                11
     9018                11
     9019                11
     9020                11
     9021                11
     9022                11
     9023                11
     9024                11
     9025                11
     9026                11
     9027                11
     9028                11
     9029                11
     9030                11
     9031                11
     9032                11
     9033                11
     9034                11
     9035                11
     9036                11
     9037                11
     9038                11
     9039                11
     9040                11
     9041                11
     9042                11
     9043                11
     9044                11
     9045                11
     9046                11
     9047                11
     9048                11
     9049                11
     9050                11
     9051                11
     9052                11
     9053                11
     9054                11
     9055                11
     9056                11
     9057                11
     9058                11
     9059                11
     9060                11
     9061                11
     9062                11
     9063                11
     9064                11
     9065                11
     9066                11
     9067                11
     9068                11
     9069                11
     9070                11
     9071                11
     9072                11
     9073                11
     9074                11
     9075                11
     9076                11
     9077                11
     9078                11
     9079                11
     9080                11
     9081                11
     9082                11
     9083                11
     9084                11
     9085                11
     9086                11
     9087                11
     9088                11
     9089                11
     9090                11
     9091                11
     9092                11
     9093                11
     9094                11
     9095                11
     9096                11
     9097                11
     9098                11
     9099                11
     9100                11
     9101                11
     9102                11
     9103                11
     9104                11
     9105                11
     9106                11
     9107                11
     9108                11
     9109                11
     9110                11
     9111                11
     9112                11
     9113                11
     9114                11
     9115                11
     9116                11
     9117                11
     9118                11
     9119                11
     9120                11
     9121                11
     9122                11
     9123                11
     9124                11
     9125                11
     9126                11
     9127                11
     9128                11
     9129                11
     9130                11
     9131                11
     9132                11
     9133                11
     9134                11
     9135                11
     9136                11
     9137                11
     9138                11
     9139                11
     9140                11
     9141                11
     9142                11
     9143                11
     9144                11
     9145                11
     9146                11
     9147                11
     9148                11
     9149                11
     9150                11
     9151                11
     9152                11
     9153                11
     9154                11
     9155                11
     9156                11
     9157                11
     9158                11
     9159                11
     9160                11
     9161                11
     9162                11
     9163                11
     9164                11
     9165                11
     9166                11
     9167                11
     9168                11
     9169                11
     9170                11
     9171                11
     9172                11
     9173                11
     9174                11
     9175                11
     9176                11
     9177                11
     9178                11
     9179                11
     9180                11
     9181                11
     9182                11
     9183                11
     9184                11
     9185                11
     9186                11
     9187                11
     9188                11
     9189                11
     9190                11
     9191                11
     9192                11
     9193                11
     9194                11
     9195                11
     9196                11
     9197                11
     9198                11
     9199                11
     9200                11
     9201                11
     9202                11
     9203                11
     9204                11
     9205                11
     9206                11
     9207                11
     9208                11
     9209                11
     9210                11
     9211                11
     9212                11
     9213                11
     9214                11
     9215                11
     9216                11
     9217                11
     9218                11
     9219                11
     9220                11
     9221                11
     9222                11
     9223                11
     9224                11
     9225                11
     9226                11
     9227                11
     9228                11
     9229                11
     9230                11
     9231                11
     9232                11
     9233                11
     9234                11
     9235                11
     9236                11
     9237                11
     9238                11
     9239                11
     9240                11
     9241                11
     9242                11
     9243                11
     9244                11
     9245                11
     9246                11
     9247                11
     9248                11
     9249                11
     9250                11
     9251                11
     9252                11
     9253                11
     9254                11
     9255                11
     9256                11
     9257                11
     9258                11
     9259                11
     9260                11
     9261                11
     9262                11
     9263                11
     9264                11
     9265                11
     9266                11
     9267                11
     9268                11
     9269                11
     9270                11
     9271                11
     9272                11
     9273                11
     9274                11
     9275                11
     9276                11
     9277                11
     9278                11
     9279                11
     9280                11
     9281                11
     9282                11
     9283                11
     9284                11
     9285                11
     9286                11
     9287                11
     9288                11
     9289                11
     9290                11
     9291                11
     9292                11
     9293                11
     9294                11
     9295                11
     9296                11
     9297                11
     9298                11
     9299                11
     9300                11
     9301                11
     9302                11
     9303                11
     9304                11
     9305                11
     9306                11
     9307                11
     9308                11
     9309                11
     9310                11
     9311                11
     9312                11
     9313                11
     9314                11
     9315                11
     9316                11
     9317                11
     9318                11
     9319                11
     9320                11
     9321                11
     9322                11
     9323                11
     9324                11
     9325                11
     9326                11
     9327                11
     9328                11
     9329                11
     9330                11
     9331                11
     9332                11
     9333                11
     9334                11
     9335                11
     9336                11
     9337                11
     9338                11
     9339                11
     9340                11
     9341                11
     9342                11
     9343                11
     9344                11
     9345                11
     9346                11
     9347                11
     9348                11
     9349                11
     9350                11
     9351                11
     9352                11
    10001                 5
    10002                 5
    10003                 5
    10004                 3
    10005                 5
    10006                 5
    10007                 5
    10008                 5
    10009                 5
    10010                 5
    10011                 5
    10012                 5
    10013                 5
    10014                 5
    10015                 5
    10016                 5
    10017                 5
    10018                 5
    10019                 5
    10020                 5
    10021                 5
    10022                 5
    10023                 5
    10024                 5
    10025                 5
    10026                 3
    10027                 3
    10028                 3
    10029                 3
    10030                 3
    10031                 3
    10032                 3
    10033                 3
    10034                 3
    10035                 3
    10036                 3
    10037                 3
    10038                 3
    10039                 5
    10040                 3
    10041                 3
    10042                 3
    10043                 3
    10044                 3
    10045                 3
    10046                 3
    10047                 5
    10048                 3
    10050                 3
    10051                 3
    10052                 3
    10053                 3
    10054                 3
    10055                 3
    10056                 3
    10057                 5
    10058                 5
    10059                 5
    10060                 5
    10061                 5
    10062                 5
    10063                 5
    10064                 5
    10065                 5
    10066                 5
    10067                 5
    10068                 5
    10069                 5
    10070                 5
    10071                 5
    10072                 5
    10073                 5
    10074                 5
    10075                 5
    10076                 5
    10077                 4
    10078                 4
    10079                 5
    10080                 5
    10081                 5
    10082                 5
    10083                 5
    10084                 5
    10085                 5
    10086                 5
    10087                 5
    10088                 5
    10089                 5
    10090                 5
    10091                 5
    10092                 5
    10093                 5
    10094                 5
    10095                 5
    10096                 5
    10097                 5
    10098                 5
    10099                 5
    10100                 5
    10101                 5
    10102                 5
    10103                 5
    10104                 5
    10105                 5
    10106                 5
    10107                 5
    10108                 5
    10109                 5
    10110                 5
    10111                 5
    10112                 5
    10113                 5
    10114                 5
    10115                 5
    10116                 5
    10117                 5
    10118                 5
    10119                 5
    10120                 5
    10121                 5
    10122                 5
    10123                 5
    10124                 2
    10125                 2
    10126                 5
    10127                 5
    10128                 5
    10129                 6
    10130                 6
    10131                 6
    10132                 6
    10133                 6
    10134                 6
    10135                 6
    10136                 6
    10137                 6
    10138                 6
    10139                 5
    10140                 5
    10141                 5
    10142                 5
    10143                 2
    10144                 5
    10145                 2
    10146                 2
    10147                 5
    10148                 2
    10149                 2
    10150                 2
    10152                 2
    10153                 2
    10154                 2
    10155                 2
    10156                 2
    10157                 2
    10158                 2
    10159                 2
    10160                 2
    10161                 2
    10162                 2
    10163                 2
    10164                 6
    10165                 6
    10166                 2
    10167                 2
    10168                 2
    10169                 2
    10170                 2
    10171                 2
    10174                 5
    10175                 2
    10176                 2
    10177                 2
    10178                 2
    10179                 2
    10180                 2
    10181                 2
    10183                 2
    10184                 2
    10185                 2
    10186                 2
    10187                 2
    10188                 2
    10189                 2
    10190                 2
    10191                 2
    10192                 2
    10193                 2
    10194                 2
    10195                 2
    10196                 2
    10197                 2
    10198                 2
    10199                 2
    10200                 5
    10201                 5
    10202                 5
    10203                 5
    10204                 5
    10205                 5
    10206                 5
    10207                 3
    10208                 3
    10209                 3
    10210                 3
    10211                 3
    10212                 3
    10213                 3
    10214                 3
    10215                 3
    10216                 3
    10217                 3
    10218                 3
    10219                 3
    10220                 3
    10221                 3
    10222                 3
    10223                 3
    10224                 3
    10225                 3
    10226                 3
    10227                 3
    10228                 3
    10229                 3
    10230                 3
    10231                 3
    10232                 3
    10233                 3
    10235                 5
    10236                 3
    10237                 3
    10238                 3
    10239                 3
    10240                 3
    10241                 3
    10242                 3
    10243                 3
    10244                 3
    10245                 3
    10246                 3
    10247                 3
    10248                 3
    10249                 7
    10250                 7
    10251                 7
    10252                 7
    10253                 7
    10254                 3
    10255                 7
    10256                 4
    10257                 7
    10258                 4
    10259                 4
    10260                 4
    10261                 7
    10262                 4
    10263                 4
    10264                 4
    10265                 4
    10266                 4
    10267                 3
    10268                 3
    10269                 3
    10270                 4
    10271                 3
    10272                 3
    10273                 3
    10274                 4
    10275                 4
    10276                 4
    10277                 4
    10278                 4
    10279                 7
    10280                 7
    10281                 7
    10282                 7
    10283                 7
    10284                 7
    10285                 7
    10286                 7
    10287                 7
    10288                 7
    10289                 7
    10290                 7
    10291                 4
    10292                 4
    10293                 7
    10294                 6
    10295                 4
    10296                 7
    10297                 7
    10298                 7
    10299                 4
    10300                 4
    10301                 4
    10302                 4
    10303                 4
    10304                 4
    10305                 4
    10306                 4
    10307                 4
    10308                 4
    10309                 3
    10310                 3
    10311                 3
    10312                 3
    10313                 3
    10314                 3
    10315                 3
    10316                 3
    10317                 3
    10318                 3
    10319                 4
    10320                 4
    10321                 4
    10322                 4
    10323                 4
    10324                 4
    10325                 4
    10326                 4
    10327                 4
    10328                 4
    10329                 4
    10330                 4
    10331                 4
    10332                 7
    10333                 7
    10334                 4
    10335                 7
    10336                 7
    10337                 7
    10338                 7
    10339                 4
    10340                 7
    10341                 7
    10342                 7
    10343                 4
    10344                 7
    10345                 7
    10346                 7
    10347                 7
    10348                 7
    10349                 7
    10351                 7
    10352                 7
    10353                 5
    10354                 5
    10355                 4
    10356                 4
    10357                 4
    10358                 4
    10359                 4
    10360                 4
    10361                 4
    10362                 4
    10363                 4
    10364                 4
    10365                 4
    10366                 4
    10367                 5
    10368                 5
    10369                 5
    10370                 4
    10371                 4
    10372                 4
    10373                 4
    10374                 4
    10375                 4
    10376                 4
    10377                 4
    10378                 4
    10379                 7
    10380                 4
    10381                 4
    10382                 4
    10383                 4
    10384                 7
    10385                 4
    10386                 5
    10387                 5
    10388                 5
    10389                 5
    10390                 5
    10391                 5
    10392                 5
    10393                 7
    10394                 5
    10395                 5
    10396                 5
    10397                 5
    10398                 5
    10399                 5
    10400                 5
    10401                 5
    10402                 5
    10403                 5
    10404                 5
    10405                 5
    10406                 5
    10407                 5
    10408                 5
    10409                 5
    10410                 5
    10411                 5
    10412                 5
    10413                 5
    10414                 7
    10415                 5
    10416                 5
    10417                 7
    10418                 7
    10419                 7
    10420                 6
    10421                 6
    10422                 6
    10423                 6
    10424                 6
    10425                 6
    10426                 6
    10427                 6
    10428                 6
    10429                 6
    10430                 6
    10431                 6
    10432                 6
    10433                 6
    10434                 6
    10435                 6
    10436                 6
    10437                 6
    10438                 6
    10439                 6
    10440                 6
    10441                 6
    10442                 6
    10443                 6
    10444                 6
    10445                 6
    10446                 6
    10447                 6
    10448                 6
    10449                 6
    10450                 6
    10451                 6
    10452                 6
    10453                 6
    10454                 6
    10455                 6
    10456                 6
    10457                 6
    10458                 7
    10459                 7
    10460                 5
    10461                 7
    10462                 6
    10463                 6
    10464                 6
    10465                 6
    10466                 6
    10467                 6
    10468                 6
    10469                 6
    10470                 6
    10471                 6
    10472                 6
    10473                 6
    10474                 6
    10475                 6
    10476                 6
    10477                 6
    10478                 6
    10479                 6
    10480                 6
    10481                 6
    10482                 6
    10483                 6
    10484                 2
    10485                 6
    10486                 2
    10487                 2
    10488                 6
    10489                 6
    10490                 6
    10491                 6
    10492                 2
    10493                 2
    10494                 2
    10495                 2
    10496                 2
    10497                 2
    10498                 6
    10499                 6
    10500                 2
    10501                 2
    10502                 2
    10503                 2
    10504                 2
    10505                 2
    10506                 2
    10507                 2
    10508                 2
    10509                 2
    10510                 6
    10511                 6
    10512                 6
    10513                 6
    10514                 6
    10515                 2
    10516                 2
    10517                 2
    10518                 2
    10519                 2
    10520                 2
    10521                 2
    10522                 2
    10523                 2
    10524                 2
    10525                 2
    10526                 2
    10527                 6
    10528                 6
    10529                 6
    10530                 6
    10531                 6
    10532                 6
    10533                 7
    10534                 2
    10535                 7
    10536                 2
    10537                 2
    10538                 7
    10539                 7
    10540                 7
    10541                 7
    10542                 7
    10543                 2
    10544                 7
    10545                 7
    10546                 7
    10547                 2
    10548                 2
    10549                 2
    10550                 2
    10551                 2
    10552                 2
    10553                 2
    10554                 2
    10555                 2
    10556                 2
    10557                 2
    10558                 2
    10559                 2
    10560                 2
    10561                 2
    10562                 2
    10563                 2
    10564                 2
    10565                 2
    10566                 2
    10567                 2
    10568                 2
    10569                 2
    10570                 2
    10571                 2
    10572                 2
    10573                 2
    10574                 2
    10575                 2
    10576                 2
    10577                 7
    10578                 7
    10579                 2
    10580                 2
    10581                 2
    10582                 7
    10583                 2
    10584                 2
    10585                 2
    10586                 2
    10587                 7
    10588                 2
    10589                 7
    10590                 7
    10591                 7
    10592                 7
    10593                 7
    10594                 2
    10595                 2
    10596                 2
    10597                 2
    10598                 2
    10599                 2
    10600                 2
    10601                 7
    10602                 7
    10603                 2
    10604                 7
    10605                 7
    10606                 7
    10607                 7
    10608                 7
    10609                 3
    10610                 3
    10611                 3
    10612                 3
    10613                 3
    10614                 3
    10615                 3
    10616                 3
    10617                 3
    10618                 3
    10619                 3
    10620                 7
    10621                 7
    10622                 7
    10623                 2
    10624                 2
    10625                 7
    10626                 2
    10628                 7
    10629                 7
    10630                 7
    10631                 7
    10632                 7
    10633                 7
    10634                 7
    10635                 7
    10636                 3
    10637                 3
    10638                 3
    10639                 3
    10640                 3
    10641                 3
    10642                 7
    10643                 7
    10644                 3
    10645                 7
    10646                 3
    10647                 3
    10648                 7
    10649                 3
    10650                 3
    10651                 3
    10652                 7
    10653                 7
    10654                 7
    10656                 7
    10657                 7
    10658                 7
    10659                 7
    10660                 7
    10661                 3
    10662                 3
    10663                 3
    10664                 3
    10665                 3
    10666                 3
    10667                 3
    10668                 3
    10669                 3
    10670                 3
    10671                 3
    10672                 3
    10673                 3
    10674                 3
    10675                 3
    10676                 3
    10677                 3
    10678                 3
    10679                 3
    10680                 3
    10681                 7
    10682                 3
    10683                 3
    10684                 3
    10685                 3
    10686                 7
    10687                 7
    10688                 7
    10689                 7
    10690                 7
    10691                 7
    10692                 7
    10693                 3
    10694                 3
    10695                 3
    10696                 3
    10697                 3
    10698                 3
    10699                 3
    10700                 7
    10701                 3
    10702                 3
    10703                 7
    10704                 3
    10705                 7
    10706                 3
    10707                 7
    10708                 7
    10709                 7
    10710                 7
    10711                 7
    10712                 7
    10713                 7
    10714                 3
    10715                 3
    10716                 3
    10717                 3
    10718                 3
    10719                 3
    10720                 3
    10721                 3
    10722                 3
    10723                 3
    10724                 3
    10725                 7
    10726                 7
    10727                 3
    10728                 7
    10729                 7
    10730                 7
    10731                 7
    10732                 7
    10733                 7
    10734                 7
    10735                 3
    10736                 3
    10737                 3
    10738                 3
    10739                 7
    10740                 7
    10741                 7
    10742                 7
    10743                 7
    10744                 7
    10745                 7
    10746                 7
    10747                 7
    10748                 7
    10749                 7
    10750                 7
    10751                 7
    10752                 7
    10753                 7
    10754                 7
    10755                 7
    10756                 7
    10757                 7
    10758                 7
    10759                 7
    10760                 7
    10761                 7
    10762                 7
    10763                 7
    10764                 7
    10765                 7
    10766                 7
    10767                 7
    10768                 7
    10769                 7
    10770                 7
    10771                 7
    10772                 7
    10773                 7
    10774                 7
    10775                 7
    10776                 7
    10777                 7
    10778                 7
    10779                 7
    10781                 7
    10782                 7
    10784                 7
    10785                 7
    10786                 7
    10787                 7
    10788                 7
    10789                 7
    10790                 7
    10791                 7
    10792                 7
    10793                 7
    10794                 7
    10795                 7
    10796                 7
    10797                 7
    10798                 7
    10799                 7
    10800                 7
    10801                 7
    10802                 7
    10803                 7
    10804                 7
    10805                 7
    10806                 7
    10807                 7
    10808                 7
    10809                 7
    10810                 7
    10811                 7
    10812                 7
    10813                 7
    10814                 7
    10815                 7
    10816                 7
    10817                 7
    10818                 7
    10819                 7
    10820                 7
    10821                 7
    10822                 7
    10823                 7
    10824                 7
    10825                 7
    10826                 7
    10827                 7
    10828                 7
    10829                 7
    10830                 7
    10831                 7
    10832                 7
    10833                 7
    10834                 7
    10835                 7
    10836                 7
    10837                 7
    10838                 7
    10839                 7
    10840                 7
    10841                 7
    10842                 7
    10843                 7
    10844                 7
    10845                 7
    10846                 7
    10847                 7
    10848                 7
    10849                 7
    10850                 7
    10851                 7
    10852                 7
    10853                 7
    10854                 7
    10855                 7
    10856                 7
    10857                 7
    10858                 7
    10859                 7
    10860                 7
    10861                 7
    10862                 7
    10863                 7
    10864                 7
    10865                 7
    10866                 7
    10867                 7
    10868                 7
    10869                 7
    10870                 7
    10871                 7
    10872                 7
    10873                 7
    10874                 6
    10875                 7
    10876                 6
    10877                 7
    10878                 7
    10879                 7
    10880                 6
    10881                 6
    10882                 6
    10883                 6
    10884                 7
    10885                 6
    10886                 6
    10887                 6
    10888                 6
    10889                 7
    10890                 7
    10891                 6
    10892                 6
    10893                 6
    10894                 6
    10895                 6
    10896                 6
    10897                 6
    10898                 6
    10899                 6
    10900                 6
    10901                 6
    10902                 7
    10903                 6
    10904                 6
    10905                 6
    10906                 6
    10907                 6
    10908                 6
    10909                 6
    10910                 6
    10911                 6
    10912                 6
    10913                 6
    10914                 6
    10915                 6
    10916                 6
    10917                 6
    10918                 6
    10919                 6
    10920                 6
    10921                 6
    10922                 6
    10923                 6
    10924                 6
    10925                 6
    10926                 7
    10927                 7
    10928                 6
    10929                 7
    10930                 7
    10931                 7
    10932                 6
    10933                 6
    10934                 7
    10935                 7
    10936                 7
    10937                 7
    10938                 7
    10939                 7
    10940                 7
    10941                 2
    10942                 7
    10943                 2
    10944                 2
    10945                 2
    10946                 7
    10947                 2
    10948                 7
    10949                 7
    10950                 7
    10951                 7
    10952                 7
    10953                 7
    10954                 7
    10955                 7
    10956                 7
    10957                 7
    10958                 7
    10959                 7
    10960                 7
    10961                 7
    10962                 2
    10963                 7
    10964                 7
    10965                 7
    10966                 7
    10967                 7
    10968                 2
    10969                 7
    10970                 7
    10971                 7
    10972                 7
    10973                 7
    10974                 7
    10975                 7
    10976                 7
    10977                 7
    10978                 7
    10979                 7
    10980                 7
    10981                 7
    10982                 7
    10983                 7
    10984                 7
    10985                 7
    10986                 7
    10987                 7
    10988                 7
    10989                 7
    10990                 7
    10991                 7
    10992                 7
    10993                 7
    10994                 7
    10995                 7
    10996                 7
    10997                 7
    10998                 7
    10999                 7
    11000                 7
    11001                 7
    11002                 7
    11003                 7
    11004                 7
    11005                 7
    11006                 7
    11007                 7
    11008                 7
    11009                 7
    11010                 7
    11011                 7
    11012                 7
    11013                 7
    11014                 7
    11015                 7
    11016                 7
    11017                 7
    11018                 7
    11019                 7
    11020                 7
    11021                 7
    11022                 7
    11023                 7
    11024                 7
    11025                 5
    11026                 2
    11027                 2
    11028                 2
    11029                 2
    11030                 2
    11031                 2
    11032                 2
    11033                 5
    11034                 3
    11035                 3
    11036                 3
    11037                 4
    11038                 4
    11039                 4
    11040                 4
    11041                 4
    11042                 4
    11043                 7
    11044                 3
    11045                 4
    11046                 7
    11047                 7
    11048                 7
    11049                 3
    11050                 7
    11051                 7
    11052                 7
    11053                 7
    11054                 5
    11055                 3
    11056                 3
    11057                 7
    11058                 7
    11059                 5
    11060                 5
    11061                 5
    11062                 5
    11063                 7
    11064                 7
    11065                 7
    11066                 7
    11067                 7
    11068                 2
    12001                 0
    12002                 0
    12003                 0
    12004                 0
    12005                 0
    12006                 0
    12007                 0
    12008                 0
    12009                 0
    12010                 0
    12011                 0
    12012                 0
    12013                 0
    12014                 0
    12015                 0
    12016                 0
    12017                 0
    12018                 0
    12019                 0
    12020                 0
    12021                 0
    12022                 0
    12023                 0
    12024                 0
    12025                 0
    12026                 0
    12027                 0
    12028                 0
    12029                 0
    12030                 0
    12031                 0
    12032                 0
    12033                 0
    12034                 0
    12036                 0
    12037                 0
    12038                 0
    12039                 0
    12040                 0
    12041                 0
    12042                 0
    12043                 0
    12044                 0
    12045                 0
    12047                 0
    12048                 0
    12049                 0
    12050                 0
    12051                 0
    12052                 0
    12053                 0
    12055                 0
    12056                 0
    12057                 0
    12058                 0
    12059                 0
    12060                 0
    12061                 0
    12062                 0
    12063                 0
    12064                 0
    12065                 0
    12066                 0
    12067                 0
    12068                 0
